 78372 *968065259236882700  2  42.527
 78371 *968122168621344904  0  42.729
 78370 *971336555927164826  1  42.843
 78369 *964368152907751310  3  43.205
 78366 *958081116267121024  1  41.608
 78368 *964822583011202718  2  42.166
 78367 *967978194920352686  0  42.949
 78365 *959413194392379166  3  42.948
 78363 *956475444782002762  2  43.491
 78364 *958125193006964302  1  43.779
 78362 *961454836920091248  0  43.658
 78361 *956342921292045358  3  43.877
 78359 *958186109617970210  1  43.616
 78360 *956434986431514008  2  43.938
 78358 *963062021921002758  0  43.709
 78357 *959744455812973054  3  43.704
 78356 *962913466956317890  1  43.403
 78355 *959869266221515556  2  43.383
 78354 *961559191743055596  0  43.580
 78353 *961643577951735396  3  43.656
 78352 *961341466630719088  1  43.492
 78351 *958227752930977920  2  43.559
 78350 *961624612124048014  0  43.563
 78349 *964869267489232794  3  43.675
 78348 *963314252581702248  1  43.358
 78347 *964743163709138502  2  43.770
 78346 *962971552495108692  0  43.459
 78345 *966638777597985284  3  44.219
 78344 *961621695246685846  1  43.588
 78343 *961621651786019258  2  43.568
 78342 *968112744742124630  0  43.686
 78341 *963179868306982656  3  43.480
 78340 *959683269709564278  1  43.407
 78339 *963482042499356960  2  43.416
 78338 *961470700686194986  0  43.605
 78337 *961507512785560134  3  43.564
 78336 *958242874342690758  1  43.599
 78335 *958201915285233892  2  43.460
 78334 *961682345980271762  0  43.562
 78333 *961734678084194552  3  43.442
 78332 *964755947853630852  1  43.158
 78331 *959602141722148288  2  43.776
 78330 *961608802028403582  0  43.786
 78329 *958310648027814806  3  43.378
 78328 *959942139124033380  1  43.644
 78327 *961441554834094032  2  43.673
 78326 *958204780879239362  0  43.584
 78325 *963210061092651734  3  43.440
 78324 *961659486387261362  1  43.475
 78323 *967887127350039782  2  43.424
 78322 *966233743219366462  0  43.369
 78321 *964833021849773950  3  43.270
 78320 *964882654192400306  1  43.934
 78319 *963156196087148792  2  43.676
 78318 *967932046651363532  0  43.482
 78317 *963117390482326394  3  44.699
 78316 *968213382867387576  1  44.026
 78315 *966503962313162516  2  44.032
 78314 *968305257608168332  0  43.348
 78313 *964844929726579566  3  43.195
 78312 *961425865853592076  1  43.463
 78311 *963299279155647992  2  43.971
 78310 *959948622202822232  0  44.378
 78309 *966313151350518798  3  43.463
 78308 *963346151396035846  1  44.356
 78307 *963321278721042420  2  43.507
 78306 *963229266077300100  0  43.494
 78305 *961339764331998726  3  43.399
 78304 *956415460712635940  1  43.947
 78303 *961593078512889988  2  43.367
 78302 *958055889510683460  0  43.624
 78301 *956596657192768060  3  43.620
 78299 *958381956758101806  2  43.153
 78300 *956445046730320362  1  43.496
 78298 *962978351657964210  0  43.261
 78297 *961554828590568542  3  43.701
 78296 *961762412688506910  2  43.347
 78295 *961545076108346260  1  43.563
 78294 *958314911916709666  0  43.743
 78293 *963153113153963628  3  43.582
 78292 *958275296841526836  2  43.499
 78291 *961807267705769018  1  43.500
 78290 *963371810427439380  0  43.294
 78289 *966418551632341066  3  43.405
 78288 *966478262477272368  2  43.425
 78287 *961392706369323420  1  43.826
 78286 *963036753788907968  0  43.552
 78285 *961259816075524992  3  44.439
 78284 *964617654348688650  2  43.207
 78282 *963130436579399322  0  42.968
 78283 *961521598747012474  1  43.718
 78281 *962849513275715436  3  43.125
 78278 *958245299668684352  1  40.838
 78280 *963078607101222510  2  42.312
 78279 *959852552396174000  0  41.594
 78277 *961468096424362254  3  42.358
 78276 *961546621352215252  1  43.420
 78275 *958145925163216742  2  43.556
 78274 *961689936235479078  0  43.320
 78273 *964852558042124838  3  43.348
 78270 *957985331902678946  0  42.934
 78272 *962998420349486474  1  43.262
 78271 *966409966076866144  2  43.462
 78269 *958207733419834722  3  43.889
 78268 *962906851019051078  0  43.710
 78267 *959867185981295888  1  43.635
 78266 *959879872421428572  2  43.500
 78265 *961471685464112786  3  43.230
 78263 *964665058291949384  1  42.720
 78264 *961577466858871810  0  42.953
 78262 *966523565986069152  2  43.348
 78261 *963072150490734948  3  43.290
 78260 *959870762351023242  1  43.198
 78259 *966333528548914438  0  44.484
 78258 *964885603577502188  2  45.297
 78257 *963244166713336286  3  43.078
 78256 *963248931229592878  1  43.200
 78255 *964980104967363196  0  43.906
 78254 *963094667589769734  2  43.187
 78253 *961319097434804100  3  43.131
 78252 *966483189632592164  1  42.326
 78251 *962847434737523118  0  43.352
 78249 *962999148670840666  3  42.526
 78250 *964640073033215250  2  45.509
 78248 *963115661793839216  1  42.548
 78246 *963065147267415326  3  42.934
 78247 *964692489957055892  0  44.013
 78245 *962964174890225548  2  43.365
 78244 *962792200765225248  1  43.212
 78243 *964781867473186510  3  43.137
 78242 *961273528518998592  0  44.216
 78241 *966245591440878990  2  43.479
 78240 *963010491250628232  1  43.280
 78239 *963101653126299672  3  43.196
 78238 *963010237284277482  0  43.367
 78237 *958104491231143812  2  43.870
 78236 *959551267777414796  1  43.435
 78235 *959781816017064812  3  43.319
 78234 *956506175480987848  0  43.574
 78233 *958012212453990492  2  43.573
 78232 *956507328595285832  1  43.537
 78231 *956619010338386228  3  44.024
 78230 *958045920638585346  0  43.262
 78229 *959661671721138878  2  43.346
 78228 *959806748287952526  1  43.995
 78227 *958215376676300208  3  43.694
 78226 *961504921658363412  0  44.086
 78225 *959676513309992106  2  43.392
 78224 *956586027029170676  1  43.521
 78223 *956615146056967572  3  43.559
 78222 *960002473921470868  0  43.715
 78221 *959869641714978176  2  43.589
 78220 *959787456471724960  1  43.540
 78219 *961595912970617832  3  43.687
 78218 *958319873468302788  0  44.038
 78217 *958101738403031428  2  43.998
 78216 *956740857388577600  1  43.478
 78215 *956657583975412304  3  43.902
 78214 *959887911398982554  0  43.873
 78213 *958054888424574930  2  43.316
 78212 *963387364913749062  1  43.364
 78211 *958233202689102572  3  43.647
 78210 *959842244137082952  0  43.489
 78209 *958196297527150706  2  43.545
 78208 *956572031314737928  1  43.332
 78207 *958371609420195912  3  43.526
 78206 *956740165782234274  0  43.509
 78205 *964739339188753898  2  43.407
 78204 *959589743023994376  1  43.425
 78203 *963171615239789756  3  43.635
 78202 *958237142782594534  0  43.632
 78201 *961450576707903784  2  43.525
 78200 *963021842569245400  1  43.439
 78199 *958186786981720388  3  43.421
 78198 *961537371521285990  0  43.910
 78197 *962823655056012482  2  43.617
 78196 *964672019564483148  1  43.237
 78195 *961418420232894204  3  43.741
 78194 *962948142342129756  0  43.593
 78193 *966157319495488256  2  43.732
 78192 *961359787436074804  1  43.841
 78191 *964957364184694538  3  43.315
 78190 *959896838440395378  0  43.615
 78189 *958151323719601064  2  43.634
 78188 *958309220602422994  1  43.683
 78187 *956623662238035340  3  43.606
 78186 *961422728517357826  0  43.516
 78185 *958377547718530098  2  43.956
 78184 *956661323583168918  1  44.038
 78183 *961458196879533380  3  43.159
 78182 *956484830306179708  0  43.683
 78181 *958178558313199826  2  43.669
 78180 *958233151996980812  1  43.765
 78179 *959816014523326106  3  43.479
 78178 *956507034265050330  0  43.560
 78177 *956809621906159864  2  43.438
 78176 *961382191059807702  1  43.345
 78175 *958249768821099250  3  44.014
 78174 *961662559505238640  0  43.424
 78173 *958285407949295480  2  43.793
 78172 *958245741584546480  1  43.509
 78171 *961473149153487536  3  43.763
 78170 *956633449142044364  0  43.793
 78169 *956793875573039670  2  44.283
 78168 *963195820917128904  1  43.647
 78167 *961468055250639542  3  43.414
 78166 *958134240534680296  0  44.847
 78165 *958158027732773428  2  43.729
 78164 *958068867809621878  1  44.279
 78163 *959744144678029544  3  43.775
 78162 *956632928932795030  0  43.414
 78161 *956489377178833326  2  44.033
 78160 *962872193781504530  1  43.028
 78159 *963039057085072602  3  43.295
 78158 *961390214164264428  0  44.548
 78157 *958152026521903866  2  43.594
 78156 *963017080831037194  1  43.233
 78155 *963046999389274532  3  43.342
 78153 *961388072302279018  2  43.070
 78154 *958113529084217074  0  43.214
 78152 *956336273860210982  1  43.683
 78151 *956497440987212486  3  44.320
 78149 *958165584165258398  0  43.080
 78150 *961305143506502698  2  43.154
 78148 *956582569058767270  1  43.237
 78147 *961409781710110730  3  43.050
 78146 *963167995875659206  0  43.025
 78145 *958110989080744456  2  43.079
 78144 *956522572504592082  1  44.210
 78143 *961408851373488078  3  43.114
 78141 *956568746199458550  2  42.527
 78142 *959875660049075996  0  44.640
 78140 *963338983066840056  1  43.627
 78139 *959805641577190046  3  43.666
 78138 *963552405533656122  2  43.708
 78137 *959859293792866146  0  43.241
 78136 *963279533402827468  1  43.636
 78135 *963295569849783934  3  44.111
 78134 *961470793192549092  2  43.290
 78133 *961624180284821618  0  43.473
 78132 *958327732532650454  1  43.278
 78131 *961737578330447342  3  43.320
 78130 *958076337315509436  2  43.470
 78129 *960025518354788686  0  43.727
 78128 *956597937315370312  1  43.614
 78127 *961573967534356270  3  43.561
 78126 *961558224099938618  2  43.615
 78125 *956650434776369714  0  43.592
 78124 *958402768049746990  1  44.478
 78123 *964940925131751908  3  42.814
 78122 *964806081258415426  2  42.981
 78121 *963309116184317652  0  45.371
 78120 *961572592391062984  1  43.938
 78119 *966645086927191360  3  43.309
 78118 *966496033939968086  2  43.626
 78117 *963277315096144650  0  44.083
 78116 *961642018308258736  1  43.573
 78115 *965437079186136614  3  43.438
 78114 *963508086290398836  2  43.608
 78113 *960052003044049872  0  43.575
 78112 *961888888163271428  1  43.772
 78111 *961869102555985370  3  43.735
 78110 *963400139214218372  2  44.175
 78109 *961921668553246442  0  43.929
 78108 *958535206767513200  1  43.582
 78107 *961503891958567776  3  43.471
 78106 *956477399356234096  2  43.612
 78105 *961600381379406122  0  43.607
 78104 *958050563888829404  1  44.232
 78103 *959869573679683362  3  43.745
 78102 *961489329466354272  2  44.014
 78101 *957990319974613716  0  43.639
 78100 *956650113548584752  1  44.003
 78099 *963229880999387806  3  43.166
 78098 *961738134108708616  2  44.301
 78097 *961856439224207396  0  43.440
 78096 *959941397683715036  1  43.736
 78095 *963380105261678708  3  43.552
 78094 *964989352392017114  2  43.493
 78093 *961562238457086486  0  43.557
 78092 *958419098872369982  1  44.117
 78091 *966641427738202930  3  44.040
 78090 *966635213962715418  2  43.359
 78089 *961514914771192340  0  43.458
 78088 *963175001360489046  1  43.559
 78087 *964802298931377532  3  43.444
 78086 *961343531884597528  2  43.661
 78085 *961436305349567198  0  43.511
 78084 *960084076254176154  1  43.653
 78083 *958289672280709612  3  43.405
 78082 *956547355977507278  2  43.768
 78081 *961588314198715182  0  43.570
 78079 *956603995880102018  3  40.889
 78080 *963226642681965620  1  41.038
 78078 *961597951940621154  2  43.234
 78077 *963418044212848182  0  43.069
 78076 *956494177685914296  3  41.659
 78075 *958284950969973368  1  41.682
 78074 *961521660797741014  2  42.926
 78073 *959990855972758038  0  42.844
 78072 *956709180896951528  3  38.746
 78071 *963412715705485068  1  39.288
 78070 *963682758618112788  2  42.695
 78069 *961760887562366484  0  42.378
 78068 *961804185221938420  3  43.726
 78067 *963419913129987020  1  43.557
 78066 *963540813907518816  2  43.721
 78065 *958481489649073348  0  43.449
 78064 *956771627935282442  3  43.640
 78063 *958536423692056808  1  43.638
 78062 *956634952646605842  2  43.909
 78061 *961795599298996858  0  43.587
 78060 *956627809399181776  3  43.716
 78059 *958571090982444094  1  43.748
 78058 *963496382398977716  2  43.807
 78057 *961804865347342858  0  43.616
 78056 *961647381973472668  3  43.377
 78055 *966853957872813428  1  43.982
 78054 *963303030800881956  2  44.227
 78053 *961802372153410306  0  43.494
 78052 *961841621401119226  3  43.736
 78051 *958392685854910048  1  43.714
 78050 *961811274294992936  2  43.386
 78049 *961732257955090136  0  44.287
 78048 *961786589733761106  3  44.222
 78047 *958343418781041132  1  43.429
 78046 *969890662101435428  2  43.678
 78045 *963234298612987828  0  43.704
 78043 *969891333896324230  1  43.395
 78044 *963292201489400830  3  43.667
 78042 *963419198700341798  2  43.383
 78041 *963223360444564528  0  42.902
 78040 *963175679848304360  1  43.062
 78039 *963203233284905800  3  44.431
 78038 *964799694350721598  2  43.268
 78037 *963095668703727890  0  43.085
 78036 *964941644205794702  1  43.080
 78035 *968240230735596502  3  43.336
 78034 *964792727977869606  2  43.251
 78033 *969819978187022184  0  43.644
 78032 *969816650303332112  1  42.995
 78031 *964894132239048930  3  42.931
 78030 *963146811773222876  2  42.951
 78029 *968336049740532130  0  43.114
 78028 *961190092933891040  1  43.371
 78027 *963118174842155426  3  42.933
 78026 *961529984026398530  2  43.042
 78025 *963125874466408462  0  42.961
 78024 *964632352740619002  1  43.029
 78023 *963078545964161268  3  42.965
 78022 *962977021174654868  2  42.980
 78021 *967898483608721372  0  43.002
 78020 *962815089342603744  1  42.802
 78019 *961383356910774444  3  43.620
 78018 *966454177773451248  2  42.794
 78017 *964755004501780996  0  45.154
 78016 *962892362004696428  1  42.843
 78015 *967988965551398356  3  42.770
 78014 *963376903620969034  2  43.787
 78013 *963215226506796344  0  43.466
 78012 *965339395924461588  1  43.157
 78011 *961567717168917036  3  43.229
 78010 *966689672825308500  2  43.380
 78009 *963563278273811538  0  43.438
 78008 *963270485337390246  1  43.310
 78007 *963261242093636306  3  43.313
 78006 *963215560070028484  2  43.179
 78005 *969621937224606612  0  43.271
 78004 *968498911525203556  1  43.291
 78003 *961452480193577908  3  43.322
 78002 *963292778546406684  2  43.262
 78001 *966752375182237516  0  43.256
 78000 *963236037261851608  1  43.730
 77999 *969800601265944028  3  43.307
 77998 *959887975691258790  2  43.386
 77997 *957871494757662502  0  43.292
 77996 *958286034267870134  1  43.387
 77995 *958173443158984032  3  43.434
 77994 *956426889453317944  2  44.081
 77993 *956507898600596540  0  43.674
 77992 *956548427770469942  1  43.419
 77991 *961480210622857660  3  43.231
 77990 *962842763467804588  2  43.369
 77989 *959955598361115860  0  43.305
 77988 *959767619121468188  1  43.316
 77987 *963083668439232440  3  43.609
 77986 *958091446785720180  2  43.739
 77985 *961492840187605988  0  44.611
 77984 *958214265519100232  1  43.097
 77983 *959811552428635458  3  43.386
 77982 *957957514608804560  2  44.233
 77981 *958284236500548006  0  43.669
 77980 *959837771720651360  1  43.428
 77979 *963294195291967202  3  43.772
 77978 *958013228536826598  2  44.039
 77977 *956538828606627410  0  43.217
 77976 *956575009341071410  1  43.581
 77975 *964561311464883040  3  43.176
 77974 *959544130479492716  2  43.535
 77973 *963181081295862252  0  43.342
 77972 *957934513095316328  1  43.538
 77971 *956258719892940496  3  43.448
 77970 *958201790054923204  2  43.606
 77969 *961536004956400040  0  43.552
 77968 *961892810270413224  1  44.528
 77967 *958339212705107504  3  43.649
 77966 *958250992862657040  2  44.162
 77965 *963410096916963758  0  44.080
 77964 *960205286754438710  1  43.261
 77963 *956481722576030340  3  43.305
 77962 *956737453938355610  2  44.371
 77961 *956734718791424746  0  44.152
 77960 *965061992674884452  1  43.642
 77959 *958268303578197512  3  44.071
 77958 *964806324107211404  2  43.410
 77957 *959928148450059368  0  43.663
 77956 *963376677249745788  1  43.742
 77955 *956421976380542524  3  43.684
 77954 *956699675427822480  2  43.605
 77953 *963326213288857524  0  43.715
 77952 *968198470268347888  1  43.154
 77951 *964791861883759030  3  43.075
 77950 *968419968640648844  2  42.959
 77949 *966015911929457694  0  43.254
 77948 *966296495021559952  1  42.780
 77947 *963046560959719932  3  43.483
 77946 *964726820939910280  2  43.069
 77945 *968077913903832648  0  43.007
 77944 *968185005660554150  1  43.314
 77943 *964660241721129136  3  42.797
 77942 *967765738625149464  2  42.999
 77941 *968009726431092852  0  43.017
 77940 *966018311858399704  1  43.191
 77939 *962913081896004876  3  43.138
 77938 *966159179463089744  2  43.001
 77937 *967990262949306340  0  43.017
 77936 *967943305866438364  1  43.323
 77935 *967875975461600144  3  43.331
 77934 *968353484683575370  2  43.279
 77933 *971441035298866504  0  43.223
 77932 *966572207970582606  1  43.399
 77931 *967907968100596084  3  43.215
 77930 *972567296105484880  2  43.247
 77929 *966101704992857816  0  43.196
 77928 *966310879498884420  1  43.322
 77927 *959797558390750822  3  43.382
 77926 *959305202897825706  2  43.373
 77925 *958081504932921198  0  43.314
 77924 *958085240897233288  1  43.574
 77923 *963143608944478806  3  43.698
 77922 *956219317213962492  2  43.645
 77921 *956389046188423516  0  43.420
 77920 *958213806275556734  1  43.516
 77919 *959656593534652564  3  43.370
 77918 *962499712742259180  2  43.455
 77917 *957987670642847540  0  43.270
 77916 *957913871648278820  1  43.560
 77915 *959647322676995600  3  43.533
 77914 *956087588107661788  2  43.676
 77913 *962989131182734812  0  44.187
 77912 *961500997577315936  1  45.159
 77911 *961562047209916744  3  45.998
 77910 *962872925829642620  2  43.815
 77909 *959909968610924020  0  44.261
 77908 *963243525042369040  1  43.860
 77907 *963482107322275376  3  44.170
 77906 *961286852510659840  2  44.061
 77905 *958246355563736312  0  43.571
 77904 *961769103217225100  1  44.263
 77903 *964578916360436320  3  42.950
 77902 *962869189723960516  2  43.211
 77901 *963043580324094300  0  43.408
 77900 *959715132324806320  1  43.871
 77899 *963089687713521328  3  43.639
 77898 *957883044638128548  2  43.569
 77897 *961543400600599212  0  43.608
 77896 *965255286051136260  1  43.970
 77895 *964876439684261298  3  44.124
 77894 *963114881732863030  2  43.404
 77893 *968515324076183642  0  43.433
 77892 *963567280904053068  1  44.030
 77891 *963003522823537658  3  44.424
 77890 *961831370242491880  2  43.881
 77889 *963164781747682604  0  43.793
 77888 *967969154397556316  1  43.248
 77887 *963313948960106912  3  44.749
 77886 *961272117537470560  2  43.566
 77885 *965026750369262170  0  43.559
 77884 *961552055870374772  1  43.442
 77883 *965371118323289678  3  43.523
 77882 *961476443122419634  2  43.641
 77881 *961579810370881214  0  44.136
 77880 *958350078052477024  1  43.519
 77879 *958271674097224908  3  43.458
 77878 *961830911374996666  2  43.403
 77877 *961929924232256438  0  43.383
 77876 *961492854656924952  1  43.418
 77875 *964625654780491416  3  43.397
 77874 *965018752294370896  2  43.208
 77873 *961453807833165512  0  43.568
 77872 *958118585266187004  1  43.452
 77871 *961482999314791116  3  43.391
 77870 *961511035898678212  2  43.417
 77869 *961628245843527060  0  43.396
 77868 *964664608445173622  1  43.528
 77867 *957690481040013586  3  43.247
 77866 *959750911077124722  2  43.833
 77865 *956392176708436532  0  43.744
 77864 *958074576827025454  1  43.655
 77863 *956349484993813644  3  43.571
 77862 *961415509732794034  2  43.468
 77861 *962722249831602424  0  43.368
 77860 *959335524304379152  1  43.424
 77859 *957952492588991892  3  43.497
 77858 *957929750290849356  2  43.594
 77857 *956156643341382700  0  43.420
 77856 *961273857563718412  1  44.851
 77855 *967954710503746918  3  43.157
 77854 *964433566236174206  2  43.173
 77853 *963109307080506492  0  42.908
 77852 *963078269251271726  1  44.143
 77851 *961447718458463440  3  43.811
 77850 *961372188844857086  2  44.279
 77849 *966578193439835270  0  43.984
 77847 *962632758500973688  3  42.610
 77848 *969169784684605932  1  43.169
 77846 *964538423704251868  2  43.729
 77845 *961235193161599784  0  43.298
 77844 *962827167650363404  3  43.372
 77843 *962793982400535568  1  44.049
 77842 *968501522218133706  2  44.060
 77841 *963239068471391494  0  43.356
 77840 *959838085831615618  3  43.529
 77839 *961689052221716320  1  43.991
 77838 *958377272420049244  2  43.788
 77837 *961804573510046428  0  43.864
 77836 *961828854781566436  3  43.803
 77835 *968088304684410616  1  43.883
 77834 *959789020464475320  2  43.356
 77833 *963060969018059148  0  43.449
 77832 *958157096616367500  3  43.644
 77831 *961520694321692536  1  43.692
 77830 *961499039760554040  2  43.611
 77829 *963073077097541674  0  43.329
 77828 *958042854671248986  3  43.462
 77827 *963301090615145396  1  43.522
 77826 *957956773284439430  2  43.464
 77825 *956560746730274272  0  44.186
 77824 *956415320630680606  3  43.613
 77823 *958428201081178826  1  43.599
 77822 *962930466278081348  2  43.198
 77821 *957957019624729712  0  43.539
 77820 *959841612078881156  3  43.613
 77819 *961131534256393132  1  43.671
 77818 *956386180703868792  2  43.617
 77817 *962990944004450076  0  43.463
 77816 *961646315980366796  3  43.371
 77815 *964792369229125150  1  43.279
 77814 *963234708356519992  2  43.386
 77813 *963596454214525644  0  43.514
 77812 *961491703604811958  3  43.598
 77811 *958364865429971120  1  43.654
 77810 *958287016413183328  2  43.535
 77809 *961945867614817998  0  43.520
 77808 *967813592975458704  3  43.347
 77807 *959703975748219112  1  43.522
 77806 *963253061098172292  2  43.586
 77805 *961451741369453176  0  43.654
 77804 *961505859492150640  3  43.564
 77803 *961471595412334128  1  43.556
 77802 *968350389480255622  2  43.367
 77801 *968348437518417938  0  43.631
 77800 *963331644665256110  3  43.425
 77799 *963155728286294654  1  43.913
 77798 *961412145758507054  2  43.690
 77797 *961722303855387982  0  44.018
 77796 *963154766306616608  3  43.524
 77795 *961360921913650692  1  43.650
 77794 *966271652841273160  2  43.661
 77793 *960947184740551630  0  43.063
 77792 *962894308758200032  3  44.051
 77791 *957930146426783382  1  43.891
 77790 *956348708424188826  2  45.042
 77789 *956312388560282076  0  43.076
 77788 *962545834910891484  3  44.358
 77787 *960952687616130524  1  43.892
 77786 *956101478486798968  2  43.038
 77785 *957919737287557884  0  43.386
 77784 *961235167874989576  3  43.400
 77783 *961209625757850678  1  43.291
 77782 *966344537350232540  2  43.728
 77781 *956130001190721316  0  43.805
 77780 *956428536117853190  3  43.444
 77779 *958176858202893776  1  43.280
 77778 *961150804524456212  2  43.580
 77777 *962836351958465752  0  43.743
 77776 *956095677950797080  3  43.740
 77775 *956293600709841396  1  43.641
 77774 *961406896014725680  2  43.334
 77773 *962973663626509874  0  43.269
 77772 *966626294602104042  3  43.675
 77771 *961290002177200846  1  43.598
 77770 *958210673932163644  2  43.533
 77769 *961663015144715608  0  43.528
 77768 *966148554614125588  3  43.302
 77767 *966220839602346040  1  43.149
 77766 *957812478123023048  2  44.147
 77765 *961386865911922012  0  44.566
 77764 *967930713597876188  3  43.390
 77763 *966186905887615430  1  42.856
 77762 *971361954145377088  2  42.846
 77761 *965846056677248338  0  43.532
 77760 *967694881468481622  3  42.851
 77759 *966074993057262034  1  43.315
 77758 *969409266172529952  2  42.980
 77757 *971041453420390470  0  42.922
 77756 *969495580114665444  3  42.966
 77755 *966034569644220304  1  43.320
 77754 *970877371131422048  2  42.513
 77753 *967450238795301048  0  43.176
 77752 *965996548230860584  3  42.940
 77751 *970924420752787180  1  43.249
 77750 *971031888372795156  2  42.733
 77749 *969341624771601256  0  42.874
 77748 *963039164063854658  3  43.345
 77747 *962653708102010628  1  43.412
 77746 *962943896510115576  2  43.358
 77745 *961335243071465388  0  43.632
 77744 *961081538666625554  3  43.392
 77743 *962898018784956522  1  43.351
 77742 *963071332766432918  2  43.408
 77741 *964596319772136076  0  43.923
 77740 *967552614454466760  3  43.133
 77739 *964576934282003232  1  43.412
 77738 *962860312139892256  2  43.472
 77737 *966201575167847224  0  43.637
 77736 *962675137149237748  3  43.547
 77735 *967879527691455732  1  43.464
 77734 *964787536680315220  2  43.414
 77733 *963036836108045766  0  43.506
 77732 *962797122070854550  3  43.415
 77731 *963020560444507866  1  43.152
 77730 *963075852234968060  2  43.557
 77729 *966523377346296122  0  44.236
 77728 *962780453550214992  3  43.590
 77727 *963013771943718572  1  43.295
 77726 *963180063818657706  2  43.469
 77725 *967760485975443424  0  43.297
 77724 *964393030859286152  3  43.482
 77723 *967874517723108788  1  43.378
 77722 *961186353538492072  2  43.534
 77721 *961051732959310436  0  43.419
 77720 *965147324427352210  3  43.516
 77719 *963196172628210936  1  43.614
 77718 *963127451251833326  2  43.439
 77717 *966667506256158870  0  43.708
 77716 *963470504960124152  3  44.382
 77715 *961336141864288870  1  43.512
 77714 *963362285002633088  2  43.622
 77713 *963351498579684340  0  43.419
 77712 *968288760543079216  3  43.436
 77711 *963137122645895772  1  43.649
 77710 *969616884454651452  2  43.759
 77709 *963199898990239260  0  43.660
 77708 *966578588767856772  3  43.647
 77707 *961253336261893920  1  43.693
 77706 *963369936216238440  2  43.407
 77705 *969930428210082620  0  43.482
 77704 *964945950527880910  3  43.494
 77703 *963136996261541282  1  43.280
 77702 *968491950274582326  2  43.165
 77701 *961445134908870986  0  43.553
 77700 *963110307456637052  3  43.553
 77699 *961509908476156304  1  43.463
 77698 *963076752426562890  2  43.234
 77697 *964940683031238964  0  43.418
 77696 *963382098188644476  3  43.294
 77695 *962993469130901124  1  43.301
 77694 *967856409487497640  2  43.077
 77693 *963031548487175948  0  43.447
 77691 *966370938989326708  1  43.324
 77692 *961336058912084176  3  44.149
 77690 *964679756393435788  2  43.824
 77689 *963172957640050616  0  43.916
 77688 *968004732861690160  1  43.678
 77687 *960977731359042494  3  43.354
 77686 *964618821428474832  2  43.051
 77685 *959615908284823426  0  43.556
 77683 *964313256711713828  3  43.579
 77684 *967696708086825852  1  43.843
 77682 *964497901606616076  2  43.310
 77681 *962902665255886008  0  43.175
 77679 *966217752701324282  1  42.740
 77680 *964295429354212266  3  43.911
 77678 *962882033676581130  2  43.631
 77677 *964507449138510590  0  43.490
 77676 *972450632877173280  1  43.363
 77675 *964085194615469856  3  43.393
 77674 *969387430049083704  2  43.545
 77673 *962695885689069484  0  44.101
 77672 *967689951350871452  1  43.393
 77671 *968501920687859602  3  43.689
 77670 *961589247485822798  2  43.481
 77669 *959855719756398364  0  43.565
 77668 *959988521777538086  1  44.261
 77667 *958341463344856920  3  43.907
 77666 *959722833051490548  2  43.652
 77665 *964728313305622556  0  43.347
 77664 *958101587985826896  1  43.490
 77663 *963195555195622648  3  43.581
 77662 *966525141178384128  2  43.271
 77661 *961439368423344704  0  43.689
 77660 *961395196337333008  1  44.862
 77659 *961509792468855806  3  44.933
 77658 *963015273860816104  2  42.804
 77657 *963385579266330580  0  43.767
 77656 *968017804388899256  1  43.786
 77655 *962995517424535136  3  43.421
 77654 *966483495879104716  2  43.190
 77653 *966274873744665448  0  43.717
 77652 *963058286203990964  1  43.704
 77651 *967965922609155884  3  43.640
 77650 *965023106055704956  2  44.000
 77649 *966481329877110432  0  43.229
 77648 *963214415065347198  1  43.330
 77647 *966786731928835512  3  43.885
 77646 *961512013766762480  2  43.956
 77645 *961576436222098596  0  43.454
 77644 *963161598011903442  1  43.410
 77643 *963457825056200140  3  44.154
 77642 *971136037698707692  2  43.342
 77641 *961267475909294880  0  43.420
 77640 *963078590064676344  1  43.657
 77639 *966429856347617156  3  43.557
 77638 *964715723327289296  2  43.332
 77637 *968448183876455974  0  43.419
 77636 *966647233470968720  1  44.153
 77635 *963387664904225720  3  43.552
 77634 *961574424339362670  2  43.888
 77633 *961523998322387526  0  43.496
 77632 *963353880711268988  1  43.773
 77631 *963276860558277840  3  43.808
 77630 *971514333463519208  2  43.126
 77629 *963128546763569384  0  43.566
 77628 *966519083603176748  1  43.676
 77627 *961433175807354084  3  44.772
 77626 *968006942799541552  2  44.098
 77625 *963242844563763728  0  43.461
 77624 *969810352788619460  1  43.687
 77623 *968469479477618658  3  43.168
 77622 *964956250074342682  2  43.895
 77621 *968729431898504182  0  43.728
 77620 *963201775854669842  1  43.429
 77619 *966703463688277952  3  43.355
 77618 *966768823552030144  2  43.621
 77617 *968048718704879294  0  43.337
 77616 *968266346229866968  1  43.307
 77615 *964948301145687648  3  43.115
 77614 *967958944595431644  2  43.323
 77613 *968344749481842808  0  43.802
 77612 *966423556797072816  1  43.504
 77611 *966534141328252384  3  43.345
 77610 *965126989474469796  2  43.358
 77609 *959589647567663700  0  43.286
 77608 *961607747633313108  1  43.292
 77607 *958173044375888490  3  43.604
 77606 *963168958704405716  2  43.779
 77605 *961181582088354528  0  43.533
 77604 *959790167051988276  1  43.208
 77603 *963048385341444152  3  43.524
 77602 *968444794164507022  2  43.428
 77601 *964989571235640060  0  43.457
 77600 *963227422855491440  1  43.446
 77599 *968427188273979600  3  43.596
 77598 *964618041346484052  2  43.350
 77597 *969082356887467622  0  43.451
 77596 *965293743230456804  1  43.441
 77595 *961847387626110440  3  44.042
 77594 *963743938656379780  2  43.784
 77593 *963769364809759668  0  43.595
 77592 *968651371642635776  1  43.415
 77591 *961852075800014232  3  43.631
 77590 *965013979095372228  2  43.584
 77589 *963458192677867244  0  43.636
 77588 *966631168554222548  1  44.177
 77587 *961492574001597666  3  43.197
 77586 *966702263597853370  2  43.762
 77585 *961393332204128534  0  44.464
 77584 *963296015590567030  1  44.387
 77583 *964568118469498604  3  43.119
 77582 *963293426902751376  2  43.459
 77581 *966455662818194696  0  44.097
 77580 *961340722980701784  1  43.600
 77579 *963221355657011184  3  43.413
 77578 *967898897045448208  2  44.155
 77577 *966473873795409024  0  43.698
 77575 *963154354056973720  3  41.714
 77576 *967730678149776296  1  42.555
 77574 *968393488739772822  2  42.639
 77573 *966770669436048258  0  43.084
 77572 *967050965792596528  3  43.519
 77571 *963296843368551428  1  43.629
 77570 *966866789357834822  2  43.593
 77569 *968159510802328572  0  43.650
 77568 *971381958694257284  3  43.298
 77567 *963249799801024016  1  43.505
 77566 *966674144902765172  2  43.397
 77565 *966494678502762648  0  43.681
 77564 *971964544562857310  3  43.019
 77563 *971893014760732556  1  43.378
 77562 *966838606619307824  2  43.486
 77561 *966743449409731452  0  43.292
 77560 *969950243960192094  3  43.419
 77559 *966706069134026860  1  43.955
 77558 *971446911191310876  2  43.206
 77557 *971573115733466272  0  42.836
 77556 *971412794576456820  3  43.079
 77555 *971495207882112724  1  43.107
 77554 *976330262371059536  2  42.692
 77553 *971166430696066384  0  43.319
 77552 *976220422493675920  3  43.219
 77551 *964775963202053416  1  42.797
 77550 *966195161421337836  2  43.063
 77549 *963091043849294158  0  43.130
 77548 *964754849323906746  3  43.227
 77547 *967998090934820794  1  43.014
 77546 *962913882982199278  2  43.152
 77545 *967916378764259340  0  43.011
 77544 *966267715977940020  3  43.027
 77543 *967847305637993160  1  43.171
 77542 *967946797938077124  2  42.923
 77541 *966029816808149180  0  43.135
 77540 *962979236868255148  3  43.061
 77539 *962869708003123098  1  43.145
 77538 *961375065814286546  2  43.111
 77537 *963012366912787106  0  43.232
 77536 *964747021586939168  3  43.157
 77535 *961091017354310150  1  43.178
 77534 *969285485926767084  2  42.840
 77533 *965989147560917740  0  43.682
 77532 *967785345540337560  3  43.143
 77531 *962792421925604152  1  42.879
 77530 *967795667073168296  2  43.015
 77529 *960971036473062616  0  43.210
 77528 *968532328436301160  3  43.154
 77527 *966716403949357376  1  43.487
 77526 *968543796570137874  2  43.208
 77525 *966621549170258048  0  43.930
 77524 *973344167607281760  3  42.990
 77523 *968260118978640488  1  43.378
 77522 *973299520343460844  2  43.010
 77521 *963448722386884616  0  43.281
 77520 *963395966594349278  3  42.783
 77519 *965338729225433098  1  43.425
 77518 *963457915218942740  2  43.362
 77517 *961590174223368302  0  43.039
 77516 *961719853286640066  3  43.184
 77515 *963082285527712956  1  42.815
 77514 *969605937066236496  2  42.944
 77513 *968301836145831876  0  42.898
 77512 *966566406827729304  3  42.807
 77511 *961425363757297032  1  43.243
 77510 *968125711701315184  2  43.502
 77509 *966389672123281562  0  43.039
 77508 *961187578076255182  3  43.079
 77507 *961435704780206438  1  43.101
 77506 *961362443439229740  2  43.139
 77505 *961233586537762548  0  43.266
 77504 *962891496587792436  3  42.923
 77503 *967731327412117892  1  42.811
 77502 *965966424963240976  2  43.219
 77498 *964652509260005480  0  42.104
 77499 *962712259192356764  3  42.673
 77500 *966181293811390780  1  43.042
 77501 *962902484055858216  2  43.087
 77497 *966184065994974012  0  44.180
 77496 *961042266445154052  3  43.899
 77495 *961305942862825786  1  43.769
 77494 *961219285871940284  2  43.805
 77493 *961128333166480276  0  43.542
 77491 *970687686118744160  1  43.095
 77490 *962430876352718244  2  43.054
 77492 *964447381563575092  3  43.979
 77488 *962717202684764804  1  43.596
 77489 *966002933470340088  0  43.704
 77487 *965909184700789404  2  43.763
 77486 *962682840157939944  3  44.021
 77485 *969194931129697664  1  43.629
 77484 *968582181340736398  0  43.891
 77483 *961744050075234254  2  44.030
 77482 *961762376057912296  3  44.001
 77481 *961732108203213246  1  43.996
 77480 *961773455206044550  0  43.711
 77479 *971494999492493668  2  43.881
 77478 *961461144555780880  3  43.824
 77476 *961512717447943088  0  43.134
 77477 *968125171017461852  1  43.986
 77475 *968202541710799360  2  43.531
 77474 *965185108891924018  3  43.352
 77473 *961761957760127278  0  44.451
 77470 *968177253828999132  3  43.021
 77472 *965192006534360228  1  43.729
 77471 *963382261268275524  2  44.312
 77468 *965048508169643332  3  43.353
 77467 *963422357448437936  1  43.611
 77469 *964806139263635056  0  43.770
 77466 *960064339078439774  2  44.307
 77465 *961977414191113508  3  43.646
 77463 *958446591400138560  0  43.651
 77464 *960094209770444634  1  43.991
 77462 *969589639477143704  2  44.318
 77461 *959705816175278204  3  44.169
 77460 *964948137367210232  0  44.259
 77459 *963194234003077220  1  44.491
 77458 *964873828713668456  2  44.043
 77457 *968810008869277468  3  43.967
 77456 *965401978587837770  0  44.153
 77455 *963570180033706304  1  44.079
 77454 *973468242416643424  2  43.756
 77453 *964976731667301804  3  44.401
 77451 *968468454782967128  1  44.156
 77452 *970108477825302368  0  44.643
 77450 *968632072931481730  2  43.551
 77448 *966735162953564072  1  40.065
 77447 *968281413760726484  0  40.084
 77449 *966809922375567106  3  43.290
 77446 *973026079814734564  2  42.952
 77444 *966732689835855328  0  43.453
 77445 *971637911293535728  1  43.535
 77443 *963110004331565338  3  43.674
 77442 *961588776542609056  2  44.001
 77440 *963241384813457060  1  43.352
 77441 *961584427775736870  0  43.923
 77439 *966406148393705992  3  43.635
 77438 *966179028399407932  2  43.397
 77437 *961351426023232032  1  44.042
 77436 *968036108320145068  0  43.591
 77435 *966348246843525376  3  43.812
 77434 *968331683690640698  2  43.670
 77433 *966456112646357318  1  43.658
 77432 *963255582531196844  0  43.909
 77431 *963229872578671410  3  43.824
 77430 *966630777626547164  2  43.950
 77428 *966311777821582120  0  43.002
 77429 *971173489821067488  1  43.830
 77427 *966253841738909392  3  43.095
 77426 *966354106017065032  2  45.249
 77424 *966968397783148520  1  42.859
 77425 *972228359987536924  0  43.480
 77423 *967026325835630136  3  43.721
 77422 *966792546208513976  2  44.239
 77421 *971692537537506452  1  42.288
 77420 *968541758649855528  0  42.219
 77419 *965068541478546612  3  43.983
 77418 *964839273638455360  2  43.173
 77417 *968577490595071840  1  43.685
 77416 *965302234193593902  0  44.087
 77415 *963477496415224224  3  44.014
 77414 *973151277397028164  2  43.717
 77413 *964927665718967128  1  44.385
 77412 *968291268135217132  0  44.332
 77411 *960164375759877592  3  43.934
 77410 *960143823388076546  2  43.976
 77409 *960350083506947784  1  44.179
 77408 *960130795770020314  0  44.092
 77407 *966485258807087714  3  43.984
 77406 *960141589828868554  2  44.220
 77405 *960197809305737532  1  44.161
 77404 *960190158666140430  0  44.174
 77403 *966581269627516052  3  43.812
 77402 *966445617222043890  2  43.299
 77400 *959984955655397216  0  43.457
 77401 *959919784329222532  1  44.695
 77399 *960205565203831682  3  45.163
 77398 *961672696226449232  2  44.087
 77396 *961593992519639412  1  42.856
 77397 *964693937431993594  0  43.788
 77395 *960153409041668968  3  43.658
 77394 *959932047362851048  2  43.578
 77393 *966518034718272238  1  43.701
 77392 *961528042332624054  0  43.756
 77391 *959989318958823522  3  44.136
 77390 *960005871939817386  2  43.915
 77389 *964740889562753818  1  44.151
 77388 *961416950751634644  0  44.648
 77387 *959861495793419184  3  44.085
 77386 *960052467109547298  2  44.191
 77385 *959839103235395512  1  44.006
 77384 *966464771604956990  0  44.336
 77383 *968201838088967026  3  44.020
 77382 *968189866025444134  2  43.557
 77381 *966585338910755506  1  43.919
 77380 *966731764071639424  0  43.801
 77379 *971665858469622508  3  43.602
 77378 *964923322319603168  2  44.137
 77377 *966625913919929630  1  43.817
 77376 *965145468494503908  0  44.236
 77375 *964995816257637332  3  43.939
 77374 *966623798097391602  2  44.195
 77373 *965058857342248232  1  43.919
 77372 *971600837267247158  0  44.072
 77371 *966692979348743290  3  43.877
 77370 *968236437000392886  2  44.011
 77369 *973207271814386634  1  43.948
 77368 *963333970322775882  0  44.129
 77367 *964974902672798740  3  43.762
 77366 *961904172449198342  2  44.126
 77365 *963420211543058828  1  44.174
 77364 *966588603274995038  0  44.027
 77363 *961808616365030534  3  44.135
 77362 *965059825658691526  2  44.811
 77361 *961771708879131022  1  43.839
 77360 *968238081665972956  0  43.696
 77359 *966627372185416620  3  44.097
 77358 *966584253147078244  2  44.369
 77357 *965257683973204758  1  44.379
 77356 *966724813105376930  0  44.237
 77355 *968241796789281158  3  43.924
 77354 *965021700636673486  2  44.851
 77352 *965009735802937916  0  42.880
 77353 *966785283769032830  1  44.119
 77351 *971636128700227808  3  43.642
 77350 *971593063078608498  2  43.926
 77348 *959942935088147572  1  42.862
 77349 *961578171453396196  0  43.246
 77347 *961686534196967076  3  44.147
 77346 *963244223544183432  2  43.905
 77345 *961582894684472294  1  44.304
 77344 *959927933971430062  0  44.500
 77343 *960029755638092236  3  44.445
 77342 *961550868361035610  2  43.929
 77340 *963302180705444768  0  44.204
 77341 *966638314748379252  1  45.286
 77339 *964978718679933178  3  43.012
 77338 *963303348758884006  2  43.649
 77337 *966488475349188132  0  44.331
 77336 *961595812173274830  1  44.803
 77335 *963426052621214046  3  43.674
 77334 *965147449110097198  2  43.432
 77333 *966310009832500370  0  44.071
 77332 *969625940339325948  1  44.318
 77331 *964874129566537854  3  43.853
 77330 *966500150067216598  2  43.932
 77329 *964772216909999806  0  44.276
 77328 *964905246034262848  1  43.954
 77327 *966736640186292790  3  43.641
 77326 *966501631252264838  2  44.029
 77325 *973130594266981920  0  43.509
 77324 *961535122146268888  1  45.255
 77323 *966354662882303092  3  44.125
 77322 *960018080623355890  2  43.892
 77321 *961740185643004426  0  44.157
 77320 *961624497520489072  1  44.161
 77319 *960042618683977380  3  44.898
 77318 *960092995626842810  2  43.800
 77317 *960183954984891202  0  44.197
 77316 *966508706437145558  1  43.730
 77315 *963201297887403738  3  43.968
 77314 *964704308917199724  2  45.156
 77313 *961734533266571310  0  44.101
 77312 *961731396939365006  1  45.061
 77311 *961643318491609712  3  43.981
 77310 *959936025500347354  2  44.416
 77309 *960187831540568672  0  44.503
 77308 *960040687096054720  1  43.989
 77307 *965114024350713912  3  43.920
 77306 *961542995431535958  2  44.484
 77305 *961450689127443922  0  44.596
 77304 *964810958267184986  1  44.164
 77303 *961639397587708360  3  44.043
 77302 *961663985238024944  2  44.716
 77301 *961555171405577586  0  44.431
 77300 *960203584365971076  1  44.025
 77299 *959960334932729556  3  44.004
 77298 *966690159141516414  2  44.110
 77297 *961377115117269034  0  44.212
 77295 *961593805580370188  3  43.667
 77296 *963170266554606722  1  44.206
 77294 *964795998873886962  2  44.187
 77293 *959806231708375250  0  44.082
 77292 *961526131831902168  3  44.026
 77291 *959955917724827898  1  43.834
 77290 *961677113994518288  2  43.981
 77289 *959956197220003274  0  44.180
 77287 *964954466988159480  1  43.974
 77288 *966467746342864752  3  44.347
 77286 *961776153217567296  2  43.937
 77285 *965084115254114296  0  44.114
 77284 *961688852728415954  1  44.100
 77283 *966641412475957082  3  44.028
 77282 *961783096271359568  2  44.358
 77281 *965058855420712614  0  44.282
 77280 *963525074915964782  1  43.838
 77279 *969606150381401084  3  43.940
 77278 *966299295713857946  2  44.020
 77277 *964962793711011890  0  44.327
 77276 *966543880997067046  1  44.276
 77275 *964761472401818094  3  44.123
 77274 *964922589149873264  2  44.066
 77273 *966383112475580348  0  43.952
 77272 *966586871884396512  1  43.975
 77271 *964670632177781326  3  43.978
 77270 *959784323058995966  2  44.505
 77269 *961621394095692564  0  44.372
 77268 *959916259762251304  1  44.300
 77267 *961532624542307690  3  44.301
 77266 *966363306790347662  2  44.187
 77265 *961681210449543868  0  44.237
 77264 *959863787335045168  1  43.998
 77263 *961605573792154144  3  44.518
 77262 *966389678716528942  2  44.034
 77261 *963379949042514804  0  44.067
 77260 *963367601204693652  1  44.214
 77259 *968133779245932516  3  43.919
 77258 *961669245353505564  2  43.889
 77257 *965004548055530294  0  43.831
 77256 *961772164953307914  1  44.095
 77255 *961969349508449014  3  43.775
 77254 *965055737289838994  2  43.580
 77253 *967895279273494118  0  43.887
 77251 *963222001395850352  3  43.620
 77252 *963090150990359196  1  43.846
 77250 *966317303681345248  2  43.996
 77249 *963125205390927872  0  44.168
 77248 *964727132371654546  3  43.818
 77247 *961583080695528894  1  44.487
 77246 *961662361352021382  2  43.693
 77245 *966480639028253206  0  43.860
 77244 *966097520338321996  3  43.629
 77243 *962866073818852736  1  43.858
 77242 *963007955240666396  2  44.167
 77241 *962815343994176122  0  44.046
 77240 *966067650883728958  3  44.222
 77239 *966228380852810336  1  43.966
 77238 *961466403120340582  2  43.846
 77237 *961344264296506114  0  43.937
 77236 *964629161704448772  3  43.914
 77235 *969791877711219730  1  43.645
 77234 *968282428849223258  2  43.880
 77233 *963493325290129998  0  43.551
 77232 *966691813239021478  3  44.004
 77231 *968338633494172228  1  43.430
 77230 *966726758998188664  2  43.662
 77227 *969981099127819932  1  41.916
 77228 *965336760950453064  3  41.982
 77229 *963503590490040854  0  42.896
 77226 *964710690260528304  2  43.236
 77225 *966384216915328098  1  43.569
 77223 *961509730605417748  0  43.839
 77224 *961608323453925578  3  44.059
 77222 *964939787913143830  2  44.221
 77221 *961714779463019322  1  42.940
 77219 *964896064506837194  3  42.905
 77220 *963354222941037312  0  43.627
 77218 *966279579103672206  2  44.062
 77217 *966240035408253890  1  44.315
 77216 *961336486666355510  3  43.967
 77215 *962979029857016954  0  44.325
 77214 *967824505167724794  2  43.827
 77213 *964779582769954530  1  43.828
 77212 *961415145681839266  3  44.024
 77211 *963171697521508822  0  44.057
 77210 *966428982690495222  2  43.716
 77209 *969912184292031420  1  43.626
 77208 *975077613354736236  3  43.693
 77207 *969886270793372252  0  43.765
 77206 *969924830904344496  2  44.013
 77205 *964925584916758312  1  43.824
 77204 *968359455728207840  3  44.279
 77203 *968612199917845722  0  43.785
 77202 *963219932660300760  2  44.187
 77201 *966597180295432364  1  44.048
 77200 *966719728136066978  3  44.129
 77199 *970038817656558716  0  44.084
 77198 *966639209721921910  2  44.200
 77197 *961500690081396750  1  44.294
 77196 *963192589353644590  3  44.007
 77195 *961702796371317834  0  43.887
 77194 *959805836694602466  2  44.200
 77193 *964685931927373430  1  43.959
 77192 *959824181254732326  3  43.928
 77191 *961639922857444190  0  44.105
 77190 *959902392770266270  2  45.009
 77189 *966686640398283654  1  43.873
 77188 *964994704504087276  3  44.081
 77187 *970043748046079272  0  44.121
 77186 *964925585372491692  2  44.320
 77185 *965254582105623784  1  44.339
 77184 *971784460388984990  3  43.777
 77183 *969905785112820892  0  43.806
 77182 *966844054231980096  2  44.019
 77180 *966876825691702782  3  43.701
 77181 *963363466244270606  1  44.169
 77179 *965000742746757178  0  44.050
 77178 *965042721494867196  2  44.117
 77177 *961568269058381374  3  44.106
 77176 *961786423643744364  1  44.647
 77175 *965096783959186694  0  44.513
 77174 *966710744426631572  2  43.655
 77173 *966634117260195496  3  43.659
 77172 *970043121540975984  1  43.597
 77171 *970103003146830822  0  44.704
 77170 *969889472576249462  2  43.715
 77169 *966546305995387480  3  43.606
 77168 *970143950027969340  1  43.527
 77167 *967788452003617282  0  44.202
 77166 *972917919856345134  2  43.739
 77165 *966185419833679642  3  44.201
 77164 *966182415239857204  1  44.296
 77163 *969530561457610162  0  44.408
 77162 *969751585725833230  2  43.820
 77161 *961296490416414458  3  43.790
 77160 *966151602898715988  1  43.932
 77159 *961400991100925032  0  44.271
 77158 *959710928726129778  2  44.166
 77157 *961308225556920118  3  44.163
 77156 *959631541201219194  1  44.113
 77155 *959685475526672208  0  44.474
 77154 *961486288529622348  2  43.963
 77153 *966340847075731470  3  43.925
 77152 *966575073844911496  1  43.712
 77151 *966437203867090876  0  44.101
 77150 *966772825208868052  2  44.257
 77149 *961591279945966310  3  44.208
 77148 *964946045678074448  1  44.114
 77147 *961420248844736054  0  44.583
 77146 *961674187817393434  2  43.916
 77145 *965014898927497548  3  43.656
 77144 *968327032852975926  1  44.361
 77143 *969823380400498984  0  45.533
 77142 *966322738397362320  2  43.336
 77141 *971532450852788196  3  44.130
 77140 *964796914837066038  1  44.405
 77139 *964629318197732806  0  44.371
 77138 *964975604834598328  2  44.814
 77137 *971436236315146826  3  44.375
 77136 *969818561490504230  1  43.682
 77135 *963177888213876104  0  44.015
 77134 *966704631999268196  2  44.027
 77133 *966863964165689718  3  43.967
 77132 *965042141176439694  1  44.375
 77131 *961565505983690132  0  43.918
 77130 *965076930134086732  2  44.375
 77129 *961601190783174670  3  43.951
 77128 *965066298306856942  1  43.927
 77127 *965086982547071794  0  43.947
 77126 *966370610818756010  2  44.037
 77125 *964905662702803808  3  44.453
 77124 *963315587702034134  1  44.249
 77123 *963389564796898404  0  43.816
 77122 *961555045800415482  2  44.156
 77121 *966629909402892934  3  44.192
 77120 *961533726154437282  1  44.086
 77119 *966517377083723334  0  43.867
 77118 *964990861313532392  2  44.130
 77117 *968065613740866526  3  43.849
 77116 *966669968483389902  1  44.409
 77115 *969802871306721816  0  44.436
 77114 *966498178995849662  2  44.157
 77113 *971534920375826912  3  43.845
 77112 *969876139807225158  1  44.139
 77111 *971617323063663020  0  44.150
 77110 *964871557435795050  2  44.372
 77109 *968488051517583808  3  44.321
 77108 *963332474630101126  1  44.424
 77107 *966750225804882250  0  44.190
 77106 *969965949683033278  2  44.161
 77105 *966735903202260092  3  44.515
 77104 *966670707654612154  1  44.790
 77103 *966630056888923124  0  43.930
 77102 *964542673873349432  2  43.751
 77101 *959752259283420522  3  44.286
 77100 *961445901867226702  1  44.031
 77099 *964673917700798156  0  44.281
 77098 *959783025885902884  2  44.216
 77097 *961437210906971836  3  44.209
 77096 *959772052740618530  1  43.878
 77095 *961669562329291306  0  43.915
 77094 *963115726684974588  2  44.509
 77093 *969635515516915000  3  43.611
 77092 *961317816960302478  1  43.958
 77091 *964893862039653954  0  44.075
 77090 *964767298434067548  2  44.696
 77089 *964886928649041564  3  43.956
 77088 *963025868553469948  1  43.792
 77087 *961445091409093670  0  44.225
 77086 *965011728976229790  2  44.534
 77085 *966442129432863132  3  43.809
 77084 *964414932625339110  1  43.865
 77083 *964395402379032742  0  44.442
 77082 *969519061036823294  2  44.799
 77081 *966145244080147490  3  44.030
 77080 *964637691693639636  1  43.907
 77079 *966166585941764384  0  44.215
 77078 *967925620992568466  2  43.967
 77077 *964582144851645946  3  44.192
 77076 *961439533777189936  1  44.335
 77075 *963198145150972632  0  43.958
 77074 *966531963065476166  2  44.279
 77073 *963104487259159986  3  43.945
 77072 *961451093908049648  1  43.965
 77071 *965003264809958640  0  44.236
 77070 *967981584949766308  2  43.703
 77069 *966221682444906930  3  43.569
 77068 *966192051171230602  1  44.288
 77067 *961332774938730222  0  44.413
 77066 *961352411465232570  2  44.249
 77065 *969590861427774638  3  43.901
 77064 *963094783677900546  1  44.245
 77063 *963153118292567454  0  43.947
 77062 *964793134127219038  2  44.215
 77061 *964691098080226942  3  45.589
 77060 *971353219747056596  1  44.877
 77059 *969573737440054472  0  43.429
 77058 *962846248286052864  2  43.778
 77057 *966401609099613730  3  44.655
 77056 *969630953840801392  1  44.272
 77055 *964724742534452706  0  44.063
 77054 *966433929846658014  2  44.247
 77053 *966410563037719064  3  43.906
 77052 *968047459074076370  1  43.699
 77051 *969810911779518698  0  44.128
 77050 *974935860841596818  2  43.628
 77049 *971399796669192844  3  43.586
 77048 *971382888792501216  1  43.485
 77047 *968031188809026766  0  44.155
 77046 *971418304713054098  2  43.825
 77045 *971593040357349694  3  43.886
 77044 *966324083983794980  1  44.284
 77043 *969658339592912810  0  43.836
 77042 *969698410791100764  2  44.397
 77041 *968158821250347498  3  43.354
 77040 *971549771646886376  1  43.792
 77039 *961411432748600512  0  45.641
 77038 *964707019769908990  2  43.983
 77037 *963127267773688698  3  44.316
 77036 *959717935391696546  1  44.281
 77035 *964589763236701210  0  44.023
 77034 *961245031798575432  2  44.692
 77033 *961536148061813656  3  44.225
 77032 *959863836317748696  1  44.180
 77031 *968302021880739108  0  44.106
 77030 *965011069985034102  2  44.294
 77029 *970016501639194090  3  44.538
 77028 *966489331473463368  1  44.269
 77027 *965203515082699050  0  44.131
 77026 *966864314802395744  2  43.742
 77025 *965028103048795638  3  44.347
 77024 *968502401331993648  1  44.116
 77023 *965058520076278018  0  44.509
 77022 *965066949209197058  2  44.187
 77021 *963234768030604362  3  44.243
 77020 *961854635547750400  1  44.684
 77019 *965227189775473002  0  44.471
 77018 *966560520148230402  2  44.011
 77017 *971898337894647816  3  44.484
 77016 *966735745800612396  1  43.938
 77015 *966562506944500604  0  44.088
 77014 *965072823271627176  2  44.662
 77013 *965020476802460082  3  44.125
 77012 *966386953101810856  1  44.125
 77011 *968104296199069554  0  44.267
 77010 *964859796386357756  2  43.951
 77009 *966300570161090624  3  43.917
 77008 *969720994235269592  1  44.599
 77007 *964845766105142938  0  44.633
 77006 *966361331644485812  2  44.057
 77005 *973516087349137498  3  44.127
 77004 *966642639495656590  1  44.069
 77003 *965072159923096274  0  44.415
 77002 *970046958861167372  2  43.923
 77001 *965075918014495798  3  44.207
 77000 *964883215356804214  1  43.738
 76999 *959881366471806644  0  44.410
 76998 *964868118008411668  2  44.291
 76997 *963339267485317366  3  44.170
 76996 *961619928912443958  1  44.274
 76995 *963154109032766014  0  43.917
 76994 *961731341869489996  2  43.922
 76993 *960166906280118652  3  44.257
 76992 *964856871628215118  1  44.512
 76991 *970085394920960608  0  43.942
 76990 *966735493092154540  2  44.345
 76989 *968410544600925848  3  44.553
 76988 *968195046284531262  1  44.022
 76987 *965080365488000998  0  43.885
 76986 *967024606353781140  2  44.194
 76984 *964813238439106370  1  44.323
 76985 *970037339636036576  3  45.978
 76983 *964924539729160610  0  43.719
 76982 *963220408406928912  2  43.704
 76981 *966603104528149622  1  44.223
 76980 *964850453693512966  3  44.223
 76979 *961632666360249422  0  44.511
 76978 *965119030128169316  2  44.321
 76976 *966371850960605264  3  39.749
 76977 *969769228309043696  1  39.900
 76975 *964933045960224624  0  42.481
 76974 *969881912291248254  2  42.281
 76973 *968017994236627008  3  42.857
 76972 *964928414097670234  1  43.089
 76971 *964867824340814082  0  43.819
 76970 *966391415323904734  2  44.114
 76968 *959898734176176816  1  43.980
 76969 *959782087910630698  3  45.331
 76967 *966550929420512760  0  44.864
 76966 *961524209696171642  2  43.814
 76965 *959959732146633280  1  44.134
 76964 *971632514699719980  3  44.235
 76963 *964777380820335936  0  43.896
 76962 *969975390470400694  2  44.969
 76961 *966635376533251408  1  44.264
 76960 *963297351339622400  3  43.970
 76959 *966846414007350108  0  43.760
 76958 *966917031593717362  2  44.003
 76957 *963288098008727168  1  44.149
 76956 *966709063102392286  3  43.921
 76955 *966645654768172580  0  44.339
 76954 *965069862190167380  2  43.970
 76953 *961659230600654524  1  44.323
 76952 *965229979544658170  3  43.865
 76951 *963306043127027694  0  43.974
 76950 *963360013376444788  2  44.182
 76949 *961678642707364646  1  43.816
 76948 *959900242837535574  3  44.524
 76947 *964862262425242020  0  43.647
 76946 *964863105886314106  2  45.244
 76945 *961743497627903356  1  44.343
 76944 *959980704655369416  3  44.640
 76943 *966624201021891120  0  43.875
 76942 *965033516627208818  2  44.330
 76941 *970016281084893248  1  44.379
 76940 *969959710103115482  3  44.040
 76939 *965148581310737244  0  44.051
 76938 *968735157634496876  2  43.941
 76937 *963487707527252298  1  44.727
 76936 *967130485312708612  3  43.991
 76935 *965312923731200058  0  44.678
 76934 *965213590325998656  2  44.276
 76932 *961931788537526088  3  43.811
 76933 *966829815241569604  1  44.076
 76931 *965410425308533088  0  44.127
 76930 *964673811775586022  2  44.187
 76929 *959799939218748868  3  44.105
 76928 *961402222938847048  1  44.209
 76927 *961314798334899740  0  44.142
 76926 *963128361716084516  2  44.760
 76924 *964599204418497398  1  43.748
 76925 *964577873342746934  3  44.273
 76923 *959777940750542454  0  44.354
 76922 *969889124229698298  2  44.046
 76921 *961469978580683128  1  44.084
 76920 *964976509106233576  3  44.113
 76919 *963153069802456310  0  44.436
 76918 *966594631084682246  2  44.259
 76917 *968112389351679898  1  42.568
 76916 *964818510078854556  3  42.288
 76915 *965062020066467740  0  43.474
 76914 *964524969164219930  2  43.778
 76912 *967855445096783658  3  44.204
 76913 *966314901547982788  1  44.407
 76911 *964473452471581824  0  44.381
 76910 *969652445851451632  2  44.498
 76909 *966478189055407538  3  43.138
 76908 *961549791297714432  1  43.339
 76907 *959832611494181590  0  45.273
 76906 *959835153087362092  2  45.096
 76905 *964888628315714110  3  43.900
 76904 *966341033248606178  1  44.299
 76903 *961573139358761278  0  44.391
 76902 *964772599865932558  2  43.955
 76901 *963138053153830506  3  44.331
 76900 *959814206710627118  1  44.244
 76899 *961515165375221748  0  44.590
 76898 *964769624229508174  2  44.318
 76897 *963054964961513588  3  44.241
 76896 *959790633601317028  1  44.440
 76895 *970100915426547434  0  44.486
 76894 *966726027977384966  2  44.261
 76893 *961499968649822760  3  44.047
 76892 *964999553158467360  1  44.235
 76891 *966625392250299116  0  45.688
 76890 *966648905408547380  2  44.852
 76889 *965088473609371144  3  44.545
 76888 *961914147746876788  1  44.847
 76887 *960092523559580532  0  44.473
 76886 *959977140378579860  2  44.279
 76885 *965054236664110844  3  45.006
 76884 *961795613514924146  1  44.366
 76883 *960138072428875506  0  44.350
 76882 *964977945832599176  2  44.732
 76881 *966713779234103442  3  43.844
 76880 *964789816134770936  1  44.123
 76879 *969995897649868492  0  44.651
 76878 *964880751451758940  2  44.685
 76877 *966825384674770134  3  44.185
 76876 *961600287568448316  1  44.093
 76875 *965148122074463418  0  44.638
 76874 *964980919584504854  2  44.400
 76873 *964985380979255772  3  44.209
 76872 *961565291693592872  1  44.475
 76871 *965151545488594648  0  44.111
 76870 *969964488148146332  2  44.093
 76869 *973136026422807546  3  44.048
 76868 *965030145575716370  1  44.438
 76867 *969923947867103732  0  43.891
 76866 *966652163001721636  2  44.288
 76865 *966522546846487590  3  43.949
 76864 *971609272395617896  1  44.593
 76863 *974809278198393966  0  44.027
 76862 *973154957643016346  2  44.295
 76861 *968228496591433288  3  44.033
 76860 *964836700467928278  1  43.867
 76859 *966399164473254566  0  43.381
 76858 *969719539694771388  2  44.621
 76857 *968032071861103386  3  43.180
 76856 *966207073842945190  1  45.291
 76855 *964658684365278734  0  43.535
 76854 *967946256296444590  2  43.989
 76853 *966159407748410342  3  43.262
 76852 *966078418600959786  1  45.195
 76851 *971228872870087212  0  44.190
 76850 *966119223835642330  2  44.568
 76849 *971193938549479660  3  43.442
 76848 *969419471376475144  1  43.518
 76847 *971157987124494534  0  44.268
 76846 *973005675426240876  2  43.894
 76845 *968101338684978790  3  43.414
 76844 *966599731724652568  1  44.042
 76843 *971694714397907394  0  43.439
 76842 *964499428157832426  2  43.688
 76841 *966337261828574324  3  44.024
 76840 *965017858593499866  1  43.339
 76839 *966523608629854592  0  43.915
 76838 *966429672529597976  2  43.279
 76837 *966365575663447872  3  43.553
 76836 *971556398622371392  1  43.572
 76835 *966376003133998260  0  43.880
 76834 *964715924248103668  2  43.393
 76833 *970077783410035644  3  43.659
 76832 *968083032213008424  1  43.788
 76831 *966133082553719660  0  43.604
 76830 *971157406191569352  2  43.339
 76829 *966632820304678352  3  43.709
 76828 *966841844110374772  1  43.820
 76827 *968844060213837828  0  44.496
 76826 *964997150415052010  2  43.585
 76825 *970055435130061444  3  44.828
 76824 *967025388828886274  1  43.582
 76823 *966763077269012732  0  44.267
 76822 *966754675581764198  2  44.317
 76821 *966782303980402992  3  44.196
 76820 *972268194817557612  1  43.758
 76819 *964960631861199736  0  44.124
 76818 *966678406390848084  2  43.953
 76817 *970246765821516276  3  43.903
 76816 *966754451339027556  1  43.959
 76815 *973337966444762148  0  43.850
 76814 *963113586766046290  2  43.792
 76813 *961242976120160618  3  43.793
 76812 *961540347515735226  1  44.384
 76811 *961493180165362812  0  44.053
 76810 *959765811428469800  2  44.158
 76809 *959826054289928768  3  44.081
 76808 *959912118030100134  1  44.249
 76807 *965025256539214008  0  43.835
 76806 *966559872958856216  2  44.196
 76805 *963465584366572668  3  43.837
 76804 *963127799760898492  1  44.267
 76803 *966306407908364564  0  44.086
 76802 *961405202721497472  2  44.012
 76801 *964871671062773000  3  44.059
 76800 *961561862885969400  1  44.395
 76799 *963437738439693132  0  44.104
 76798 *961355506603752620  2  44.559
 76797 *961949233704745818  3  43.254
 76796 *963305372497431752  1  45.439
 76795 *966783452745273224  0  44.037
 76794 *961486516011263262  2  44.034
 76793 *960059818843070920  3  44.225
 76792 *960128579047861262  1  44.076
 76791 *968534528070115800  0  43.868
 76790 *963280376228658544  2  44.140
 76789 *967129005918177708  3  43.947
 76788 *961444857124402432  1  44.618
 76787 *959710260787343468  0  44.023
 76786 *961789662851860452  2  44.001
 76785 *965098675454193632  3  44.388
 76784 *965381131946893284  1  44.296
 76783 *961607395984483806  0  44.114
 76782 *961901644897618178  2  44.161
 76781 *966774186659281742  3  43.986
 76780 *963655381115364158  1  44.644
 76779 *959915399373494016  0  44.665
 76778 *960207284508740472  2  43.894
 76777 *960190854814030008  3  44.316
 76776 *968822756401171068  1  43.910
 76775 *961794401297314960  0  44.305
 76774 *963321679331721764  2  44.328
 76773 *966868651115914136  3  44.303
 76772 *959881250514945228  1  45.360
 76771 *960192059079527616  0  44.847
 76770 *966506139306683794  2  43.216
 76769 *966703443646122864  3  43.389
 76768 *968496916731589696  1  44.746
 76767 *966162125626742788  0  43.833
 76766 *964644109338636708  2  43.251
 76765 *965033248899478154  3  43.413
 76764 *966558521344169982  1  43.485
 76763 *971581106306778610  0  43.546
 76762 *968268297930072606  2  43.760
 76761 *966638161319735500  3  43.452
 76760 *971840886216815948  1  43.607
 76759 *969724795672352340  0  43.848
 76758 *964878200495401812  2  43.398
 76757 *966332892561624896  3  43.595
 76756 *968017631885256784  1  43.655
 76755 *971224693573796388  0  43.920
 76754 *971310979058509926  2  43.660
 76753 *971873415463078622  3  43.247
 76752 *969777868603862322  1  44.976
 76751 *970168755557993774  0  45.179
 76750 *973388287480239468  2  43.341
 76749 *977077264103021672  3  43.760
 76748 *969956758401314356  1  44.348
 76747 *975179445114298388  0  43.452
 76746 *964734482564407966  2  43.386
 76745 *966019449366856282  3  44.574
 76744 *963063349921988062  1  44.149
 76743 *963218043233694732  0  44.185
 76742 *966522897149146202  2  44.734
 76741 *961395355127445520  3  44.726
 76740 *961495397710962784  1  44.049
 76739 *965021144109003422  0  44.210
 76738 *968339263426608728  2  43.851
 76737 *966673624779240132  3  44.035
 76736 *966562982911145964  1  44.691
 76735 *966658715722540548  0  43.902
 76734 *964733869784131176  2  44.206
 76733 *964746199363624792  3  44.289
 76732 *965077701641069296  1  44.052
 76731 *963323074427440380  0  44.296
 76730 *962795328479810038  2  43.810
 76729 *961744232984901508  3  43.882
 76728 *961625765209126282  1  43.947
 76727 *963505114709629026  0  43.975
 76726 *959706040136788978  2  44.007
 76725 *960004153603508944  3  44.123
 76724 *961856635129788970  1  44.118
 76723 *966390183251663340  0  44.011
 76722 *961616211233885012  2  44.432
 76721 *966763037215128256  3  43.724
 76720 *959771369792201708  1  43.769
 76719 *959964398492300664  0  44.618
 76718 *965071683633461672  2  44.535
 76717 *968615503456796142  3  44.034
 76716 *966375897928036298  1  44.025
 76715 *968307363601719704  0  44.302
 76714 *967002179607343108  2  44.152
 76713 *964787818432666652  3  44.190
 76712 *966930091981995072  1  44.395
 76711 *965244110607771046  0  44.101
 76710 *973846559842736300  2  44.026
 76709 *968249562622027932  3  43.988
 76708 *966828425944588556  1  44.863
 76707 *972018673882867564  0  44.058
 76706 *966447125612036452  2  44.273
 76705 *965272454435592236  3  43.929
 76704 *970175604500564080  1  43.827
 76703 *963174458749236106  0  43.902
 76702 *963482077980494374  2  44.339
 76701 *965376916975039842  3  43.979
 76700 *961568950506685420  1  43.803
 76699 *959962106359295902  0  44.017
 76698 *960149502618875340  2  44.111
 76697 *959966879534070680  3  43.892
 76696 *965130579754637878  1  44.125
 76694 *963270616184944152  2  43.438
 76695 *961959655161947968  0  44.813
 76693 *968777599446794456  3  43.537
 76692 *964959449181383644  1  44.980
 76691 *960004880211800956  2  43.983
 76690 *966824811281865180  0  44.825
 76689 *959887436047353844  3  43.633
 76688 *961704437882076804  1  44.095
 76687 *965154392270576620  2  43.734
 76686 *966173525745835652  0  44.522
 76685 *961142367679173466  3  43.877
 76684 *961339491142658726  1  44.273
 76683 *959768859060804250  2  44.586
 76682 *959756184824660096  0  44.000
 76681 *959707259453250392  3  43.854
 76680 *966421209778045542  1  44.496
 76679 *967983793082462944  2  43.771
 76678 *966457724885198760  0  43.790
 76677 *963234302472596624  3  43.963
 76676 *964854286954375452  1  44.335
 76675 *961413728284928272  2  44.306
 76674 *961298684601396684  0  44.054
 76673 *964582560010631912  3  43.881
 76672 *966321261949150710  1  44.265
 76671 *960989510849448994  2  43.823
 76670 *961574546170425026  0  43.788
 76669 *959733126338006096  3  44.294
 76668 *959799941708938610  1  44.303
 76667 *961355592690860784  2  44.043
 76666 *964799467265244394  0  44.028
 76665 *971312954389054064  3  43.998
 76664 *962855376833762608  1  44.196
 76663 *966720545942389044  2  43.966
 76662 *961446976666477976  0  43.891
 76661 *964778259504072056  3  44.120
 76660 *959446263859874196  1  44.098
 76659 *968384982132651796  2  44.374
 76658 *961354613340669534  0  44.107
 76657 *961744413857379830  3  44.584
 76656 *959993567983442146  1  44.336
 76655 *960077652448475656  2  44.408
 76654 *965062726942900588  0  43.921
 76653 *961794351376086358  3  44.497
 76652 *971715855673247532  1  43.974
 76651 *961477370121077696  2  44.287
 76650 *959957705245812248  0  44.057
 76649 *966749489615717536  3  44.256
 76648 *961545434631424528  1  43.830
 76646 *967994381077647686  0  43.266
 76647 *964973523435586320  2  43.472
 76645 *963266450414304600  3  43.734
 76644 *966684682405365834  1  43.876
 76643 *964683961743160316  0  44.158
 76642 *961622980511059268  2  44.421
 76641 *961586182442448246  3  45.886
 76640 *965226091222520176  1  43.703
 76639 *971541083660321980  0  43.677
 76638 *966676794154531760  2  43.981
 76637 *966861757420117516  3  43.824
 76636 *965037989345414388  1  44.852
 76635 *964944077148990788  0  43.801
 76634 *965363262646143144  2  44.494
 76633 *966506993899296542  3  43.760
 76632 *961484870662364336  1  44.191
 76631 *963582321485831994  0  43.894
 76630 *961385528239105896  2  44.053
 76629 *960045689558135702  3  44.436
 76628 *959905595606293102  1  44.125
 76627 *961977051559432590  0  44.815
 76626 *961442238050148316  2  43.723
 76625 *966896485379454508  3  44.179
 76624 *964800734323454248  1  44.519
 76623 *959873234115960420  0  43.789
 76622 *965288028558878648  2  44.153
 76621 *971671100549700188  3  44.460
 76620 *966829846848136430  1  45.073
 76619 *964716433946197286  0  44.469
 76618 *966450082385335512  2  44.139
 76617 *966687455007511618  3  44.011
 76616 *965113219946382814  1  44.193
 76615 *976833709868844340  0  43.842
 76614 *966507994693745980  2  44.691
 76613 *971908736679969860  3  43.886
 76612 *966381635542326700  1  44.846
 76611 *965034630437141076  0  43.844
 76610 *970150721923119256  2  44.515
 76609 *964202965450491152  3  43.503
 76608 *964516283618259766  1  44.172
 76607 *959625430828713234  0  44.049
 76606 *959626981370756508  2  44.302
 76605 *959683440951322466  3  44.008
 76604 *969527267576907704  1  44.022
 76603 *966188566921553856  0  43.884
 76602 *961354162869744640  2  44.081
 76601 *964829231896958160  3  43.995
 76600 *961413222047553556  1  44.108
 76599 *966093350042250270  0  43.994
 76598 *969633012709411876  2  44.119
 76597 *961307179833247284  3  44.222
 76596 *961403886906281652  1  44.059
 76595 *964901926550743518  0  45.504
 76594 *969665501596100928  2  44.459
 76593 *969753540603600840  3  43.448
 76592 *964710868358819540  1  44.080
 76591 *964837557116260052  0  44.780
 76590 *965064789872540656  2  44.769
 76589 *964659851962580158  3  43.808
 76588 *966481772734908452  1  43.717
 76587 *959495614340150110  0  44.512
 76586 *959788108402520560  2  44.537
 76585 *961624893844649346  3  44.243
 76584 *969724305149414508  1  43.913
 76583 *959448784656270516  0  44.019
 76582 *964939085429008412  2  44.665
 76581 *971176441704769444  3  43.616
 76580 *969628548828542816  1  43.469
 76579 *974725718516704534  0  43.770
 76578 *969180225773754646  2  44.071
 76577 *970961563946372180  3  43.369
 76572 *974521940523304104  3  16.522
 76573 *969459593505617636  2  16.522
 76570 *969372872328896264  6  16.921
 76574 *972890752645484870  5  16.947
 76569 *974534719552869436  7  17.248
 76571 *971029570248218864  4  17.271
 76576 *969555002454130744  0  17.350
 76575 *972816328393584410  1  17.383
 76567 *972583953986080556  2  17.444
 76568 *974383595444707688  3  17.503
 76566 *977615144878164944  6  17.682
 76565 *966289978264173378  5  17.753
 76564 *966018949699700656  7  17.818
 76563 *966229614998530758  4  17.836
 76562 *964676797510021138  0  17.809
 76561 *971265289929441114  1  17.822
 76560 *964444276600582088  2  17.965
 76559 *966256346801639368  3  17.933
 76558 *966446952349738542  6  17.834
 76557 *968167129039567892  5  17.746
 76554 *966239502112242496  0  17.688
 76556 *971254506427865028  7  17.810
 76555 *968113910836598744  4  17.836
 76553 *969465554258564000  1  17.785
 76552 *966006756578541368  2  17.749
 76551 *971313216640473204  3  17.887
 76549 *966664265719606364  5  17.765
 76550 *968165428423059488  6  17.863
 76548 *966233118849875132  0  17.785
 76547 *966692230891132666  7  17.912
 76545 *970022699037903406  1  17.814
 76546 *966586159291560062  4  17.952
 76544 *966303885592663982  2  17.788
 76543 *966550482579282770  3  17.911
 76542 *966781501188903084  5  17.766
 76541 *971735104016237724  6  17.806
 76540 *968160052225154616  0  17.706
 76538 *964736573204140480  1  17.558
 76539 *971824151137436304  7  17.644
 76537 *964548960033295176  4  17.825
 76536 *968298295004521788  2  17.761
 76535 *968644577025058908  3  17.921
 76534 *966509642727758858  5  17.905
 76533 *966756191081554328  6  17.790
 76532 *970085019856222640  0  17.830
 76531 *966925301791991696  1  17.840
 76530 *964807530921797186  7  17.965
 76529 *966825901622431490  4  17.920
 76528 *966861541272113960  2  17.805
 76527 *972055332896863268  3  17.738
 76526 *966697185349127676  5  17.713
 76525 *966640144555834844  6  17.732
 76524 *970068613514372216  0  17.755
 76523 *964738881680074808  1  17.762
 76522 *966878684820182408  7  17.751
 76521 *968085157115992184  4  17.760
 76520 *966640325043328704  2  17.549
 76519 *971841487499270348  3  17.617
 76518 *964801082885865998  5  17.588
 76517 *966472338863698486  6  17.585
 76516 *964873677522772800  0  17.581
 76515 *966417808675551806  1  17.626
 76514 *968239836015387378  7  17.633
 76513 *966796268475321936  4  17.643
 76512 *966418688550008528  2  17.537
 76511 *971677102728002380  3  17.595
 76509 *964700872831759652  6  17.486
 76510 *966473604603981164  5  17.549
 76508 *969755636771701012  0  17.569
 76507 *968128743229902988  1  17.574
 76506 *966498024229835028  7  17.613
 76505 *971758894905285252  4  17.615
 76504 *971115363153411826  2  17.583
 76503 *964258056309119338  3  17.671
 76502 *967742888779367044  6  17.601
 76501 *962857249673347004  5  17.622
 76500 *966119030110881104  0  17.630
 76499 *966117626646667400  1  17.682
 76498 *971105459274027460  7  17.589
 76497 *967916040717926972  4  17.607
 76496 *967843646248060408  2  16.953
 76494 *965898845393507404  6  16.364
 76495 *966203770738670108  3  16.844
 76493 *969535346115181588  5  17.350
 76492 *967551158102334054  0  17.391
 76491 *969706919395937200  1  17.509
 76490 *966258784872463586  7  17.561
 76489 *967885621502002496  4  17.552
 76488 *969474363095771002  2  17.650
 76487 *971306620679303498  6  17.651
 76486 *976242720691361120  3  17.638
 76485 *967659945385732048  5  17.595
 76484 *973122846071464416  0  17.583
 76483 *966137894789988780  1  17.687
 76482 *971057938125116260  7  17.677
 76481 *969331279229963120  4  17.674
 76479 *971859080408072996  6  17.270
 76480 *974481968106823660  2  17.287
 76478 *964745935186553246  3  17.651
 76477 *963390391367179622  5  17.564
 76476 *963345612879362122  0  17.583
 76475 *961700128869145254  1  17.602
 76474 *966651197722714116  7  17.651
 76473 *965108551551762056  4  17.660
 76472 *963109727861610004  6  17.598
 76471 *968523454380909952  2  17.665
 76470 *961474317784511496  3  17.680
 76469 *966590427102648316  5  17.623
 76468 *964818124941813492  0  17.610
 76467 *970058448922573888  1  17.623
 76466 *969806972510127530  7  17.673
 76465 *964876104760781340  4  17.753
 76464 *971579239413795356  6  17.676
 76463 *964818055977771462  2  17.735
 76462 *964928246185138486  3  17.737
 76461 *966485512156086520  5  17.708
 76460 *966783832805218728  0  17.647
 76459 *971692985432478840  1  17.537
 76458 *966583970118724604  7  17.627
 76457 *969917767360790944  4  17.664
 76456 *969878067451041852  6  17.686
 76455 *966622088516772968  2  17.675
 76454 *971643210743626192  3  17.656
 76453 *968592664841716324  5  17.609
 76452 *970100675787635910  0  17.599
 76451 *966598370800703856  1  17.685
 76450 *970257910701361616  7  17.679
 76449 *964952327623059266  4  17.743
 76448 *965113600847869434  6  17.677
 76447 *966580675556232224  2  17.633
 76446 *967038169823192108  3  17.719
 76445 *975178194456329868  5  17.562
 76444 *964797723357629152  0  17.620
 76443 *966695203088415908  1  17.653
 76442 *970138490396509820  7  17.663
 76441 *968336236305637248  4  17.663
 76440 *972115694266182312  6  17.558
 76439 *971953650079802710  2  17.618
 76438 *969955825556892408  3  17.693
 76437 *966910182797855210  5  17.633
 76436 *964992512897777086  0  17.631
 76435 *965040881341995060  1  17.628
 76434 *966721038898325492  7  17.652
 76433 *966871520561556960  4  17.670
 76432 *975367666751346216  6  17.574
 76431 *966573771459579540  2  17.595
 76430 *970198766506926580  3  17.651
 76429 *964985635155016928  5  17.585
 76428 *966780046336206716  0  17.572
 76427 *966514482927182946  1  17.608
 76426 *966846254619277714  7  17.664
 76425 *968646188822980962  4  17.666
 76424 *964868983230787524  6  17.598
 76423 *969988295767115674  2  17.607
 76422 *966734159202207352  3  17.666
 76421 *968095057753143932  5  17.650
 76420 *966568925380471402  0  17.564
 76419 *966826054616902396  1  17.583
 76418 *966633403391833356  7  17.586
 76417 *972036309657082856  4  17.567
 76416 *964751396598072460  6  17.358
 76413 *971497292854660292  5  16.126
 76414 *969841501833088984  3  16.150
 76415 *966596037759362752  2  17.327
 76412 *966686001458250912  0  17.342
 76411 *973506423573979648  1  17.416
 76410 *966526395800681934  7  17.459
 76409 *962981329514192948  4  17.462
 76407 *961455584986588630  5  17.115
 76405 *964763296040613464  2  17.024
 76408 *963087417096118514  6  17.596
 76406 *968163980591053680  3  17.582
 76404 *968317810707674560  0  17.353
 76403 *968235486480425892  1  17.360
 76402 *964972333129030644  7  17.531
 76401 *962981893232013948  4  17.559
 76400 *966311339487779484  5  16.005
 76399 *969869433081359832  2  16.007
 76398 *966802305392410866  6  17.536
 76397 *962929724040187798  3  17.543
 76396 *963448617536226392  0  17.272
 76395 *963264564996768548  1  17.335
 76394 *966664020846402710  7  17.605
 76393 *964845191580184608  4  17.570
 76391 *971787265764781092  2  17.261
 76392 *965069275736905520  5  17.329
 76390 *964812732741089152  6  17.636
 76389 *968583594119188668  3  17.625
 76388 *961370153609316260  0  17.595
 76387 *966580412965431444  1  17.598
 76386 *970066630935851900  7  17.650
 76385 *968884832409196378  4  17.688
 76384 *963312172885184424  2  17.589
 76383 *963726939832537948  5  17.524
 76382 *966990278607515258  6  17.543
 76381 *963677428908748490  3  17.701
 76380 *965221611608135076  0  17.593
 76379 *965367478288556668  1  17.542
 76378 *972205682402788744  7  17.634
 76377 *963452333544304184  4  17.646
 76375 *966798733053427276  5  17.429
 76376 *963486070606660880  2  17.472
 76374 *965256987939408276  6  17.899
 76373 *972062083703019992  3  17.957
 76372 *971440095364692994  0  17.933
 76371 *966625314018714598  1  17.986
 76370 *969939618538404948  7  18.038
 76369 *966437137848597874  4  17.994
 76367 *971206625006939046  2  17.894
 76368 *969997627785973532  5  18.043
 76366 *968240854395078202  6  17.936
 76365 *974955749075017796  3  17.790
 76364 *969971123618132404  0  17.942
 76363 *970115101317349800  1  17.828
 76362 *969702809762064484  7  17.921
 76361 *970095893141545904  4  17.946
 76359 *970083768422605696  5  17.674
 76360 *971726700641310996  2  17.808
 76358 *964950835287242428  6  17.838
 76357 *966980023376659162  3  17.962
 76356 *964928526376830078  0  17.825
 76355 *966878954814507722  1  17.825
 76354 *968044335699377978  7  17.924
 76353 *966851675597658784  4  17.933
 76352 *964926285695296256  5  17.821
 76351 *970280842269561660  2  17.935
 76350 *964889731420500344  6  17.794
 76349 *970138574989014912  3  17.922
 76348 *971473712516143584  0  17.784
 76347 *975193527875080644  1  17.798
 76346 *970265013379979790  7  17.998
 76345 *971662290724098620  4  17.993
 76344 *970041453519211134  5  17.869
 76343 *971415682632182418  2  17.968
 76342 *973203237519909932  6  17.927
 76341 *980331245838686288  3  17.833
 76340 *969936054923834632  0  17.824
 76339 *975283849396534704  1  17.795
 76338 *970011774105624160  7  17.806
 76337 *974990654863295972  4  17.911
