 78376 *966128334744906506  2  24.523
 78378 *963046925751750162  4  24.639
 78380 *956636721658440538  6  24.706
 78374 *963079507270460476  7  24.750
 78375 *966340814053287988  1  24.993
 78379 *966478534430655366  5  25.015
 78373 *964787099419646214  3  25.028
 78377 *966660841220399010  0  25.176
 78382 *956497132327484672  4  24.940
 78384 *961614956051582436  7  24.878
 78387 *960025107020469888  3  24.830
 78388 *963110272500215940  0  25.109
 78381 *956679515046365290  2  25.914
 78383 *958334294125094198  6  26.058
 78385 *958171361577826532  1  25.825
 78386 *958277496554014742  5  26.025
 78389 *956599594478761408  4  23.987
 78390 *956663350767431468  7  23.937
 78391 *958155077139834486  3  24.456
 78393 *958235370596995500  2  24.497
 78392 *961543980457346110  0  25.237
 78394 *958326108717659736  6  25.177
 78395 *958077937982969030  1  25.139
 78396 *958073624725070470  5  25.127
 78397 *963148009343326518  4  24.257
 78398 *956685340209100554  7  24.330
 78399 *956701512808189974  3  24.259
 78400 *956636111919224798  2  24.092
 78402 *958414132683027818  6  23.800
 78401 *956640791243571714  0  24.256
 78403 *958058574485598658  1  23.840
 78404 *958248335674937074  5  24.002
 78405 *963289351759556210  4  24.172
 78406 *958248596603532156  7  24.175
 78407 *961860632934674400  3  24.142
 78408 *959759012535408002  2  24.107
 78410 *969682814708405276  0  23.866
 78411 *963180343950538724  1  23.900
 78409 *959948276152170414  6  23.997
 78412 *964776039544049740  5  23.953
 78413 *963324684758936076  4  23.993
 78414 *961643800752511442  7  24.031
 78415 *963247615165905280  3  24.009
 78416 *961380538907210286  2  23.995
 78417 *966659256313841694  0  23.972
 78418 *961479045379675608  1  23.994
 78419 *963253884348114554  6  24.090
 78420 *966479518671807762  5  23.955
 78421 *964969604014379068  4  24.898
 78422 *964829218563928564  7  24.905
 78423 *968056538276068124  3  24.920
 78424 *969674762898853802  2  25.388
 78425 *963100017972801192  0  24.912
 78426 *964710368472651638  1  25.413
 78427 *967976843628327416  6  25.298
 78428 *966293303743083764  5  25.265
 78429 *961465856948089088  4  24.682
 78430 *961536422893516412  7  24.699
 78431 *958053980903069314  3  24.672
 78432 *961383044385163892  2  24.961
 78433 *964509052330547644  0  25.384
 78436 *964570733345006638  5  25.012
 78434 *958030035499071970  1  25.384
 78435 *957964106247735102  6  25.353
 78437 *961278803489549966  4  24.483
 78438 *965211268582357484  7  24.508
 78439 *963322716800233798  3  24.523
 78440 *966519654340205640  2  25.312
 78443 *963001389802068246  1  24.855
 78441 *963283145540889828  0  25.619
 78442 *968122018519142326  5  25.456
 78444 *963026215026425786  6  25.365
 78445 *959685597605727040  4  24.852
 78446 *966089675185978118  7  24.910
 78447 *962859185869011280  3  24.865
 78448 *962827699612914722  2  25.296
 78449 *961213036183028330  1  24.956
 78450 *964539842427781338  0  25.269
 78451 *964443280890392180  5  25.086
 78452 *966497762355046326  6  25.201
 78453 *965031974613688552  4  24.476
 78454 *963273876021088160  7  24.459
 78455 *967933702645162266  3  24.459
 78456 *963167015083752664  2  25.333
 78457 *968135841663680016  1  25.252
 78459 *966410757567243646  5  25.112
 78458 *964852673183678698  0  25.586
 78460 *967863088888722118  6  25.529
 78461 *961573868275639476  4  24.320
 78462 *958252673726279534  7  24.367
 78463 *959857952311657996  3  24.354
 78464 *961364430252682020  2  25.254
 78465 *958103211194611902  1  25.485
 78466 *962980934503367500  5  25.698
 78468 *959675746299340674  6  25.280
 78467 *961457855358998154  0  25.722
 78469 *962905333754399358  4  24.512
 78470 *963239840905732726  7  24.664
 78471 *961463305462459754  3  24.721
 78472 *961504540884998278  2  25.593
 78473 *963101503987045974  1  25.513
 78476 *966304383306355210  0  25.021
 78474 *961386323701220242  5  25.434
 78475 *963127965932444818  6  25.661
 78477 *961617303596710112  4  25.122
 78478 *961443188764094472  7  25.148
 78479 *961585691817578002  3  25.167
 78480 *966334312621488752  2  25.240
 78481 *963290368061292468  1  25.343
 78483 *961534869875269902  5  25.191
 78482 *961426494364748026  0  25.298
 78484 *961419152954511092  6  25.204
 78485 *962918922403279056  4  25.025
 78486 *966380820668132596  7  24.989
 78487 *963123884697804874  3  24.992
 78488 *962891808799955586  2  25.125
 78489 *964675179724714144  1  25.447
 78490 *964853083087049142  5  25.439
 78492 *958189542012557304  6  25.209
 78491 *961589516244558686  0  25.692
 78493 *961295530429894736  4  24.648
 78494 *959833545954317054  7  24.634
 78495 *963093279830479724  3  24.610
 78496 *961363589191029894  2  24.680
 78497 *961396265989855758  1  25.804
 78498 *959756393768037778  5  25.750
 78499 *967953487429636338  6  25.666
 78500 *963228061953896508  0  25.738
 78501 *961614114553118750  4  24.713
 78502 *962993713948068280  7  24.826
 78503 *963122822571548980  3  24.825
 78504 *964806794352853606  2  25.405
 78506 *966353512071264118  5  25.099
 78505 *961522307559008634  1  25.671
 78507 *963017681338253058  6  25.640
 78508 *962964299224333368  0  25.508
 78509 *956388728533773600  4  24.654
 78510 *958182504165072986  7  24.615
 78511 *956337881237296416  3  24.626
 78512 *959648106785201760  2  25.716
 78514 *956432775044612874  1  24.797
 78513 *958059821248156428  5  25.672
 78516 *957976484671983822  0  25.568
 78515 *961114713459804816  6  25.820
 78517 *971166204142457164  4  24.598
 78518 *967995147339418562  7  24.730
 78519 *964593532842045456  3  24.717
 78520 *962925400711539850  2  25.639
 78521 *966102345907583960  1  25.714
 78524 *966068430300941116  6  24.883
 78522 *966119620706986410  5  25.778
 78523 *962938911748401704  0  25.661
 78525 *966136031260573680  4  24.733
 78526 *967892658809708988  7  24.727
 78527 *964668197401431226  3  24.753
 78528 *964631724711058786  2  25.548
 78530 *962963664342888246  6  24.641
 78529 *966344712370912550  1  25.450
 78531 *958075845529261108  5  25.210
 78532 *956363811514831494  0  25.712
 78533 *956336239202228154  4  24.886
 78534 *958038515197923926  7  25.247
 78535 *959649388966879674  3  24.831
 78536 *958023673142246618  2  25.652
 78539 *967840731861809410  5  24.842
 78537 *956435539357592732  6  25.674
 78538 *957959221224407772  1  25.726
 78540 *961461295501529146  0  25.503
 78541 *961417441959989004  4  24.624
 78542 *963105097695768178  7  24.580
 78543 *961604660928637644  3  24.583
 78544 *962978913756400150  2  25.847
 78545 *964698104007216714  5  25.068
 78546 *958153715717348410  6  25.163
 78547 *961564323646874642  1  25.924
 78548 *958251170675436098  0  25.849
 78549 *963041260684669512  4  24.576
 78550 *959857116142980288  7  24.549
 78551 *958347469538093888  3  24.609
 78554 *969504983390011006  6  25.258
 78552 *961388338434585436  2  25.647
 78553 *959780407943374062  5  25.719
 78555 *964710934530286322  1  24.991
 78556 *962994213632556184  0  25.695
 78557 *968020602750517336  4  24.524
 78558 *961491086450491530  7  24.532
 78559 *963016435261517020  3  24.509
 78561 *961499777667685610  2  24.769
 78560 *961374124774053616  6  25.473
 78562 *962940511849184186  5  25.475
 78563 *961393625113923462  1  25.594
 78564 *964685397512999296  0  25.426
 78565 *964736476848980044  4  24.743
 78566 *964589974343155386  7  24.771
 78567 *961379746161294702  3  24.898
 78568 *958020496191264356  2  25.518
 78570 *961311518287476236  5  24.963
 78569 *958065770522769108  6  25.587
 78571 *961287514257316954  1  25.792
 78572 *961385912584281852  0  25.876
 78573 *958154170671466516  4  24.660
 78574 *961222240875927878  7  24.736
 78575 *967776876695051500  3  24.529
 78576 *967997956116110910  2  25.580
 78577 *963100910502537546  5  25.291
 78578 *961585441054950556  6  25.227
 78579 *961484016527145910  1  25.576
 78580 *966368142630990814  0  25.591
 78581 *961523524078955288  4  24.747
 78582 *963314950648869296  7  24.684
 78583 *961529509313402928  3  24.733
 78584 *963001401604186188  2  24.776
 78585 *962832595730074776  5  25.369
 78586 *956349167731540744  6  25.700
 78587 *958195909808253834  1  25.659
 78588 *956524095921510178  0  25.734
 78589 *961187275665555626  4  24.680
 78590 *956484337680612280  7  24.666
 78591 *956614053522904938  3  24.676
 78592 *958078479535449606  2  25.633
 78594 *971819758632044812  6  24.510
 78593 *956399622017689652  5  25.638
 78595 *975226437533058372  1  25.276
 78596 *966827484068259574  0  25.585
 78597 *970267762235508438  4  24.334
 78598 *969956555888146972  7  24.323
 78599 *973654220136527164  3  24.231
 78602 *968803495224944276  5  24.454
 78600 *968635644117058096  2  25.345
 78601 *979081188155169820  6  25.336
 78603 *968503520697192632  1  25.562
 78604 *973855371974704488  0  25.620
 78605 *968133695491870804  4  24.216
 78606 *963101915722427208  7  24.197
 78607 *967861740343835664  3  24.218
 78609 *963224255545040534  2  24.669
 78608 *964982469542592804  5  25.250
 78610 *963225138577220008  6  25.204
 78611 *964665078017121486  1  25.199
 78612 *968404840469929172  0  25.121
 78613 *968296016329292896  4  24.444
 78614 *968145958979566960  7  24.570
 78615 *968098967222492056  3  24.489
 78616 *973466527946987860  2  25.090
 78617 *968295598187783370  5  25.340
 78618 *964959648341838512  6  25.403
 78619 *964854617847689542  1  24.994
 78620 *968096020510631528  0  24.783
 78621 *969860349434281740  4  24.267
 78622 *973073381231625892  7  24.195
 78623 *968294254849786228  3  24.159
 78624 *975239479690107224  2  25.311
 78626 *968466455493754908  6  24.684
 78625 *968475525134491992  5  25.427
 78627 *970236853690466492  1  25.205
 78628 *969908617983373512  0  25.398
 78629 *967134038217639480  4  24.535
 78630 *970563326750979230  7  24.425
 78631 *966953115104153356  3  24.435
 78632 *970332468748305308  2  24.328
 78633 *967220041384653380  6  25.661
 78634 *963656695231035708  5  25.576
 78635 *967052569714118912  1  25.675
 78637 *961882225102289952  4  24.412
 78636 *965050250780726940  0  25.207
 78639 *963240159300433040  3  24.150
 78638 *964957101606937416  7  24.234
 78640 *963293557119611920  2  25.303
 78641 *973837161743167648  6  24.979
 78642 *963536033694034448  5  25.480
 78643 *963408482278088638  1  25.488
 78644 *963528257622839342  4  24.461
 78647 *967828780131807048  7  24.274
 78646 *970319934719117376  3  24.414
 78645 *963405109469702390  0  24.886
 78648 *964595788178798400  2  25.123
 78649 *968037395579602604  6  24.710
 78650 *964414072893693880  5  25.395
 78652 *966192606189460356  4  24.323
 78653 *962977727243198348  7  24.320
 78654 *963010919767609752  3  24.326
 78651 *973334226008480424  1  25.532
 78655 *963155879492409442  0  25.790
 78656 *962824510003746880  2  25.349
 78657 *968147969751199508  6  24.740
 78658 *966426205751844936  5  25.327
 78659 *964351870007747956  4  24.451
 78660 *967873165084982544  7  24.495
 78661 *964645776334753168  3  24.428
 78662 *967773733994994704  1  25.321
 78663 *969815588190765088  0  25.437
 78664 *962817853813700354  2  25.065
 78665 *962975486462309296  6  25.572
 78667 *962799673403556440  4  24.420
 78666 *963009774618998984  5  25.113
 78669 *963064663621012288  3  24.269
 78668 *967817667676264176  7  24.364
 78670 *968194139508932696  1  25.262
 78671 *970362234544073180  0  25.306
 78673 *963372908525782494  6  24.453
 78672 *964997364126639588  2  25.317
 78674 *963374412352601452  4  24.290
 78676 *967064281176803986  3  24.255
 78677 *965261609110703778  7  24.302
 78675 *965159704802586412  5  25.434
 78678 *964956036714073890  1  25.439
 78679 *973219462891462768  0  25.231
 78681 *968216455656460040  2  24.538
 78680 *973242927898331532  6  25.379
 78682 *968409953204658898  4  24.476
 78683 *970253880703718744  3  24.464
 78684 *968495997882459630  7  24.425
 78685 *970247746496825022  5  25.158
 78686 *967850201943467764  1  25.180
 78687 *969970976271513652  0  25.348
 78688 *967904835592944392  2  25.008
 78689 *967883327844713012  6  24.576
 78690 *969840353966761364  4  24.609
 78692 *969968309009697064  7  24.680
 78691 *964725081473393698  3  24.779
 78693 *966598422909096822  5  25.143
 78694 *964893783554755686  1  25.242
 78695 *967940969601035782  0  24.984
 78698 *962779011491226032  4  24.289
 78696 *966575874199377844  2  25.383
 78697 *969744325065419844  6  25.233
 78699 *967649065913382544  7  24.286
 78700 *964592671265504056  3  24.284
 78701 *962825504325979532  5  25.313
 78702 *966428773947648304  1  24.709
 78703 *964828399174201948  0  25.521
 78704 *963005722712033008  4  24.394
 78707 *978246215543772568  7  24.258
 78708 *978163722665347440  3  24.244
 78705 *964534462375459470  2  25.239
 78706 *964507391111841670  6  24.998
 78709 *973007567160864448  5  24.751
 78710 *973295501048075132  1  25.335
 78711 *973332622961961640  0  25.106
 78712 *973381960946460948  4  24.512
 78713 *973325357200687924  7  24.523
 78714 *968578908013979484  3  24.531
 78716 *973856974780357366  6  25.311
 78715 *968647768358076900  2  25.566
 78717 *968725471452501522  5  25.549
 78718 *973799402388158978  1  25.555
 78719 *968472867839045428  0  24.801
 78720 *965091642824248008  4  24.719
 78722 *973756651339835528  3  24.501
 78721 *968688521046810496  7  24.591
 78723 *968978808891103020  6  25.519
 78724 *968654433828550870  2  25.445
 78725 *968872501284565752  5  25.341
 78726 *965356573332247260  1  25.176
 78727 *970394946340236732  0  25.282
 78728 *964960961415139452  4  25.005
 78729 *962980030847794640  3  24.922
 78730 *968473956561123488  7  24.980
 78731 *968372121701447888  6  25.108
 78732 *966415488709834194  2  25.234
 78733 *968618852397109874  5  25.083
 78734 *963221399842643512  1  25.397
 78735 *965198709721291888  0  25.241
 78737 *968196642759700896  3  24.520
 78736 *963385029454155186  4  24.618
 78738 *968334641334356024  7  24.627
 78740 *970661024223936092  2  24.883
 78739 *961686181031970444  6  25.452
 78741 *961784479471663848  5  25.365
 78742 *961746696870362756  1  25.602
 78743 *967104560160444348  0  25.758
 78744 *966522615037366840  3  24.438
 78745 *963013326381674680  4  24.438
 78746 *970363619827038644  7  24.425
 78747 *961654359682101604  2  25.235
 78748 *961380583034985954  6  25.766
 78749 *965136610237175888  5  25.193
 78750 *966123395194087880  1  25.422
 78751 *966717548912600220  0  25.418
 78752 *961144227794066750  3  24.420
 78753 *964680126013557822  4  24.448
 78754 *967752143656648976  7  24.580
 78755 *964863395632376096  2  25.384
 78756 *962875005960634528  6  25.429
 78757 *970173780324500508  5  25.466
 78758 *964923037278682592  1  25.527
 78759 *966333659922906586  0  24.584
 78760 *964928167866833406  3  24.625
 78761 *968528637741886244  4  24.588
 78762 *963195419534252778  7  24.678
 78763 *966885874751449732  2  25.619
 78764 *965055097526649902  6  24.815
 78765 *964827117290542354  5  25.598
 78766 *968243847630968644  1  25.250
 78767 *964998665398432980  0  25.695
 78769 *973735984426973020  4  24.339
 78768 *968592951006759020  3  24.422
 78770 *965199071349247924  7  24.603
 78772 *968537598450711800  6  25.023
 78771 *968604108383765382  2  25.680
 78773 *968742415842987386  5  25.467
 78774 *973752772916225632  1  25.496
 78775 *968370402028283320  0  25.436
 78776 *968726353937437842  4  24.993
 78777 *973794734961372890  3  25.024
 78778 *968568966145822682  7  25.085
 78779 *973544651046758894  6  25.163
 78780 *962973741149055980  2  25.010
 78781 *964635702692586016  5  25.319
 78782 *968238030022502284  1  25.182
 78783 *968229784017939684  0  24.939
 78784 *966702516690069502  4  24.884
 78785 *965054923936584680  3  24.921
 78786 *963167425884177394  7  24.930
 78787 *968398188053217380  6  25.681
 78788 *963109193311107004  2  25.585
 78789 *969710460657086930  5  24.748
 78790 *966346841416352912  1  25.689
 78791 *961421843033669392  0  25.684
 78792 *961359221796536268  4  24.593
 78793 *963172346373065370  3  24.572
 78794 *969931222672804154  7  24.591
 78795 *971166771197726900  6  25.382
 78796 *965961605977734968  2  25.142
 78797 *974848203552065892  5  25.486
 78798 *967921100436351844  1  25.482
 78799 *966017721635451922  0  25.382
 78800 *971206443140860734  4  24.664
 78801 *965800603879298180  3  24.566
 78802 *969505041915457984  7  24.528
 78803 *962326205144715850  6  25.617
 78804 *969118910350683722  2  25.734
 78805 *967613792136363316  5  25.501
 78806 *962866502615920620  1  25.250
 78807 *964533042200405744  0  25.177
 78808 *969851276092250808  4  24.547
 78809 *964807744503945460  3  24.537
 78810 *966560971839788686  7  24.666
 78811 *963073378244487708  6  24.672
 78812 *964962256477014470  2  25.869
 78813 *963136037700608920  5  25.895
 78814 *970090180854152346  1  25.956
 78815 *964774965691508702  0  25.894
 78817 *968024012536265460  3  24.552
 78816 *966411684050265306  4  24.639
 78818 *968594884094354524  7  24.562
 78819 *969842521845877684  6  25.529
 78820 *966698211568481696  2  24.945
 78821 *970326938202698680  5  25.135
 78822 *964944494838664864  1  25.621
 78823 *968577758892370084  0  25.719
 78824 *968719762595146754  3  24.712
 78825 *966746800521929446  4  24.647
 78826 *970176071556026486  7  24.646
 78827 *970425216952248782  6  25.575
 78828 *969683290401251068  2  24.766
 78829 *968258284797516030  5  25.635
 78830 *973486180329345678  1  25.373
 78831 *968400982213344940  0  25.614
 78833 *970072578294581306  4  24.766
 78832 *970124984081129630  3  24.777
 78834 *967299487203361824  7  24.754
 78836 *964481562082005480  2  25.003
 78835 *968022531960992212  6  25.198
 78837 *965907945126392972  5  25.016
 78838 *964641282706199448  1  25.039
 78839 *966362267263611612  0  25.049
 78840 *962657306170727222  4  25.086
 78841 *968048543670521856  3  25.158
 78842 *962954550409722816  7  25.133
 78843 *966430887532459696  2  25.356
 78844 *964362023645131458  6  25.358
 78845 *966198856658080708  5  25.393
 78847 *967572238889142156  0  24.425
 78846 *972215021986349728  1  25.253
 78848 *968997316862038348  4  24.256
 78849 *972829191144456620  3  24.232
 78850 *967806658537465476  7  24.285
 78851 *972681859413410972  2  24.803
 78852 *967625264760036978  6  25.029
 78853 *969530711100069570  5  25.025
 78854 *967520817093061384  0  24.945
 78855 *972960114944654946  1  25.013
 78856 *967828101066668434  4  24.472
 78857 *969399070430006804  3  25.151
 78858 *962998465409826304  7  24.842
 78859 *963011932487320968  2  25.414
 78860 *962768113572058096  6  25.449
 78861 *967824453434368780  5  25.047
 78863 *959726262888627826  1  25.017
 78862 *963189439729974198  0  25.494
 78864 *959452351246019084  4  24.837
 78865 *968050238345164362  3  24.975
 78866 *964500238966166534  7  24.905
 78867 *959845455687142244  2  25.129
 78868 *958015088964038544  6  25.088
 78869 *968374751380842812  5  25.098
 78870 *962919170577528412  1  24.937
 78871 *963178647864646538  0  25.222
 78872 *958053761261974296  4  25.192
 78873 *957914707598911752  3  25.003
 78874 *964727584542793348  7  24.988
 78875 *962841386930621194  2  25.080
 78876 *957833567979033156  6  25.303
 78877 *959631271926098724  5  25.482
 78878 *962970157287530988  1  25.220
 78879 *968225586851583888  0  25.203
 78880 *964304888185223068  4  24.515
 78881 *959556181042166054  3  24.726
 78882 *957919904989577822  7  24.747
 78883 *957880554101429916  2  25.104
 78884 *962837542906663098  6  25.482
 78885 *962529281805609414  5  25.510
 78886 *963343888947033456  1  25.668
 78887 *968213589893378596  0  25.510
 78888 *963001561152971188  4  24.593
 78889 *963516011962573540  3  24.686
 78890 *968537146131232880  7  24.656
 78891 *963311290301529932  2  25.567
 78892 *965078321789324116  6  25.119
 78893 *970079484530295118  5  25.259
 78894 *963439032219199276  1  25.423
 78895 *959824631659156204  0  25.255
 78896 *963305517046385556  4  24.900
 78897 *963137464827952712  3  24.943
 78898 *965097787661514496  7  24.955
 78899 *970058162249634756  2  24.585
 78900 *963791521211339864  6  25.694
 78901 *963306876881461404  5  25.628
 78902 *960159984826465606  1  25.853
 78903 *963126961887150600  0  25.923
 78904 *965304441249311148  4  24.637
 78905 *961669820676623946  3  24.633
 78906 *966637639973217302  7  24.525
 78907 *960092116626624796  2  25.426
 78908 *958139379890590896  6  25.611
 78909 *958119677557820216  5  25.145
 78910 *963041033592254532  1  25.229
 78912 *964845413567680456  4  24.468
 78911 *965256662064731796  0  25.740
 78913 *963607497053855826  3  24.696
 78914 *958223285415160662  7  24.693
 78915 *958303858741130756  2  25.717
 78916 *959803999074873380  6  25.752
 78917 *961805188713781292  5  25.120
 78919 *964610700971256146  4  24.603
 78918 *959952175527249700  1  25.849
 78921 *959972312329608160  3  24.605
 78920 *963378750235860496  0  25.729
 78922 *958174003572870092  7  24.603
 78923 *959767840908813876  2  24.846
 78924 *970266241903336792  6  25.382
 78925 *960032225122392316  5  25.485
 78926 *963313342751734722  4  24.866
 78928 *958182235280955130  3  24.868
 78930 *959732830477177506  7  24.809
 78927 *958375021508175252  1  25.733
 78929 *959852151973922710  0  25.655
 78931 *966603765023783602  2  25.320
 78932 *957904241604957264  6  25.413
 78933 *963129823609105860  5  25.257
 78934 *959725985926882880  4  24.917
 78935 *964802424693382344  3  24.851
 78936 *961091414574110828  7  24.848
 78937 *969962138436901356  1  25.116
 78938 *963102702456232254  0  25.377
 78939 *959626445929854046  2  25.221
 78940 *958090552565527000  6  25.582
 78941 *957991292373379456  5  25.551
 78942 *959756916962979562  4  24.801
 78943 *959363508893267294  3  24.762
 78944 *964634857100856584  7  24.695
 78945 *963080474191596776  1  25.665
 78946 *959708863980183236  0  25.670
 78947 *959696827018443912  2  25.082
 78948 *963161445015184240  6  25.735
 78949 *961459565265418880  5  25.535
 78950 *964541598419866356  4  24.425
 78951 *966494022387107076  3  24.411
 78952 *957934067420620748  7  24.594
 78953 *957968437705692924  1  25.578
 78954 *958056958380489768  0  25.966
 78955 *959653479439864640  2  25.678
 78956 *959376821412747370  6  25.750
 78957 *964346822127940082  5  24.945
 78958 *963283527908107872  4  24.821
 78959 *960085533084709424  3  24.872
 78960 *958132079308286340  7  24.803
 78961 *958140896487910032  1  25.650
 78962 *963058623070434552  0  25.805
 78963 *967069103779345452  2  25.632
 78964 *961609983507514324  6  25.299
 78965 *960173927024527678  5  24.984
 78966 *963581280047939528  4  24.682
 78967 *958263796580672856  3  24.716
 78968 *958334983968529840  7  24.775
 78969 *958271813262775980  1  25.656
 78970 *959838739494193046  0  25.642
 78971 *963603070258877184  2  25.151
 78972 *961726394429731126  6  25.381
 78974 *963471303491081604  4  24.913
 78973 *961422408458224324  5  25.399
 78975 *968171671156149104  3  24.984
 78976 *969984559729407356  7  24.871
 78977 *964870718329852536  1  25.361
 78978 *963730024087695920  0  25.604
 78979 *968688903923874212  2  25.225
 78980 *963182572087203894  6  25.519
 78981 *965244200154025926  4  24.989
 78982 *965028916176292834  5  25.407
 78983 *966989835571432362  3  24.607
 78984 *963240109645087292  7  24.531
 78985 *959801990292761084  1  25.456
 78986 *963111446572859232  0  25.666
 78987 *965210794728979088  2  25.795
 78989 *964618384376372772  4  24.431
 78988 *964916523210961376  6  25.264
 78991 *963654610269433774  3  24.626
 78992 *963300522243773814  7  24.597
 78990 *966847365818331640  5  25.631
 78993 *959816679013099896  1  25.535
 78994 *965187344098831092  0  25.587
 78995 *961687680821637638  2  25.860
 78996 *961719722821545878  4  24.500
 78998 *963411672455142604  3  24.329
 78999 *959866529785440128  7  24.311
 78997 *964520201140900292  6  25.150
 79000 *958057528656643028  5  25.908
 79001 *965157759459903036  1  25.832
 79002 *959789643000568812  0  25.570
 79003 *964475702704389212  2  25.231
 79004 *961599323075213256  4  24.473
 79005 *963432189064190104  3  24.664
 79006 *958247754600843338  7  24.711
 79007 *957979345839688338  6  25.740
 79008 *961649123293059586  5  24.996
 79009 *959984459140176256  1  25.571
 79010 *959834594387332950  0  25.462
 79011 *961167102465670426  2  25.051
 79012 *961343971595148012  4  24.989
 79014 *975124920795605416  7  24.766
 79013 *973406924239497292  3  24.839
 79015 *969875628722787768  6  25.203
 79016 *968487794989949192  5  25.043
 79017 *968309232815944742  1  25.516
 79018 *970328128514718392  0  25.478
 79020 *969555577473005540  4  24.433
 79019 *970073606528184888  2  25.270
 79021 *966459400004158004  7  24.451
 79022 *964648121684571552  3  24.459
 79023 *963055333742237100  6  24.927
 79024 *967743431921276736  5  24.859
 79025 *970231430600930324  1  25.212
 79026 *964932605987456412  0  25.269
 79027 *966528469296333016  4  24.532
 79029 *964816271819184466  7  24.501
 79030 *963101543532672180  3  24.566
 79028 *969927386333800210  2  25.231
 79031 *963043638778558570  6  25.180
 79032 *964452106983317382  5  24.907
 79033 *966712253946122932  1  25.237
 79034 *965024065245189416  0  25.229
 79035 *964651669950455200  4  24.831
 79036 *963316794461541076  7  24.849
 79037 *959840786511085560  3  24.820
 79038 *963144543867825732  2  25.453
 79039 *965181542458973012  6  24.912
 79040 *964968594412000304  5  25.345
 79041 *961568301968193556  1  25.595
 79042 *966936214613269044  0  25.627
 79043 *960224712493250374  4  24.813
 79044 *963392583513065394  7  24.828
 79045 *959889747371968840  3  24.861
 79046 *965236163777307212  2  25.187
 79047 *965210651402370564  6  25.536
 79048 *961721274258181702  5  25.555
 79049 *964964456805833482  1  25.236
 79050 *966963159061603028  0  25.422
 79051 *963069961666559600  4  24.761
 79052 *964566488635687888  7  24.713
 79053 *963412625656898984  3  24.875
 79054 *963210693695436372  2  25.316
 79055 *970098650776557092  6  25.280
 79056 *964922030507963690  5  25.548
 79057 *965114495657444282  1  25.642
 79058 *966645441707230526  0  25.601
 79059 *957832313728836524  4  24.541
 79060 *959656426303227168  7  24.565
 79061 *962832805447589264  3  24.566
 79062 *964991852084829100  2  25.469
 79063 *959727380124992728  6  24.946
 79064 *961164328704222708  5  25.725
 79065 *961396227989856580  1  25.528
 79066 *959828960193137008  0  25.414
 79067 *958141640735042260  4  24.539
 79068 *957926420518176792  7  24.547
 79069 *964780344023450018  3  24.579
 79070 *959752921767703614  2  25.758
 79071 *961534843516518606  6  25.479
 79072 *959472110421371526  5  25.045
 79073 *962888391404801428  1  25.334
 79074 *968627565685779348  0  25.519
 79075 *968539686992466088  4  24.709
 79076 *970454513353869156  7  24.775
 79077 *970270293411308244  3  24.695
 79078 *966736357946173540  2  25.280
 79079 *968711739658423422  6  25.423
 79080 *968812537940049590  5  25.485
 79081 *965178846648618722  1  25.097
 79082 *970657062364982800  0  25.277
 79083 *966927259897099414  4  24.698
 79084 *969990286168294324  7  24.670
 79085 *969405837499104768  3  24.563
 79086 *964452845766987896  2  25.215
 79087 *966310539767261732  6  25.251
 79088 *967965695425561296  5  25.087
 79089 *963021550686145552  1  25.317
 79090 *964454909950789588  0  25.254
 79091 *970024870467844492  4  24.398
 79092 *964758448938620256  7  24.429
 79093 *964669967696520566  3  24.539
 79094 *964768875608291106  2  25.085
 79095 *963098852449321594  6  25.169
 79096 *964810898215690784  5  24.950
 79097 *962801218752303978  1  25.178
 79098 *969912569345747936  0  25.075
 79099 *964843116118648308  4  24.699
 79100 *966260592242159796  7  24.711
 79101 *972928907471506388  3  24.612
 79102 *969649113796163920  2  25.276
 79103 *964714837370960032  6  25.313
 79104 *969793442205647746  5  25.276
 79105 *964921962468697762  1  25.106
 79106 *964795105330521532  0  25.322
 79107 *966453774761096822  4  24.789
 79108 *965049343454650534  7  24.801
 79109 *958309877899347638  3  25.005
 79110 *958181435551165472  2  25.711
 79111 *959645815572927452  6  25.423
 79112 *963254513524012962  5  25.479
 79113 *958245283143938356  1  25.871
 79114 *958333464457550764  0  25.903
 79115 *958488197899960588  4  24.768
 79116 *958241890659781102  7  24.770
 79117 *963232408390282622  3  24.777
 79118 *959908233621331258  2  25.227
 79119 *958375408966416690  6  25.391
 79120 *958435761455670204  5  25.794
 79121 *958328857469589382  1  25.786
 79122 *958211713782531490  0  25.884
 79123 *957951095722796096  4  24.683
 79124 *958352182244870032  7  24.662
 79125 *958318242155659500  3  24.678
 79126 *960042195570463656  2  25.756
 79127 *968372557666805076  6  24.771
 79128 *963262777473692948  5  25.576
 79129 *959874880526060092  1  25.481
 79130 *964924600748240444  0  25.422
 79131 *958337332383515034  4  24.957
 79132 *963241992369227746  7  24.964
 79133 *963328009744304152  3  24.957
 79134 *958215010826696700  2  25.116
 79135 *963338276848237392  6  25.201
 79136 *958240021438378026  5  25.529
 79137 *965050838741888294  1  25.458
 79138 *959827900062851402  0  25.498
 79139 *958191041583178828  4  25.000
 79140 *963100105977929654  7  24.965
 79141 *963322698266272418  3  25.073
 79142 *966550138728667194  2  25.335
 79143 *964859802088276626  6  25.374
 79144 *970174468799474756  5  25.176
 79145 *963368064740613976  1  25.635
 79146 *968433443583604198  0  25.228
 79147 *960307106015559962  4  24.889
 79148 *963274188672962382  7  24.839
 79149 *966915668094357864  3  24.817
 79150 *965283136509409148  2  25.659
 79151 *965151034774219664  6  25.265
 79152 *963482447691429654  5  25.587
 79153 *960150331605095238  1  25.678
 79154 *965120916986143160  0  25.618
 79155 *958398064906090100  4  24.789
 79156 *959894710570887002  7  24.769
 79157 *963066669284252682  3  24.732
 79158 *965152179146760730  2  25.315
 79159 *959829515163523922  6  25.239
 79160 *960055096804154722  5  25.651
 79161 *958289019755512856  1  25.368
 79163 *958588190564259572  4  25.130
 79162 *963201972304173868  0  25.621
 79164 *958400199790885132  7  25.137
 79165 *963338278792153136  3  25.175
 79166 *959893701028214842  2  25.172
 79167 *963448738990130552  6  25.191
 79168 *960018350930233138  5  25.174
 79169 *960092403801399444  1  25.471
 79170 *963536422784872348  4  25.025
 79171 *958424714508971494  0  25.012
 79172 *958308886981461178  7  24.883
 79173 *965084443774054600  3  24.912
 79174 *963139266827258222  2  25.653
 79175 *959943174351514758  6  25.660
 79176 *959993844247601644  5  25.048
 79177 *959864738687278644  1  25.404
 79178 *961667587215844816  4  24.670
 79180 *958318886915915144  7  24.684
 79179 *958246953664067452  0  25.629
 79181 *963018676463508308  3  24.698
 79182 *958035852833844558  2  25.544
 79183 *959943065501971866  6  25.644
 79184 *959735819146789538  5  25.396
 79185 *961493059397696632  1  24.993
 79186 *958368436852146190  4  24.980
 79187 *958306867046210192  7  24.970
 79189 *961405440066911370  3  24.924
 79188 *959870635875188060  0  25.374
 79190 *965114794300560026  2  25.253
 79191 *959853514191444034  6  25.401
 79192 *961788024059728368  5  25.040
 79194 *959886458010004426  4  24.803
 79193 *959938853326781448  1  25.390
 79195 *963279216216231554  7  24.809
 79196 *963209227231552112  3  24.811
 79197 *963092238688681330  0  25.181
 79198 *968082989767988820  2  25.418
 79199 *959945664315175628  6  25.462
 79200 *963181657934885764  5  25.529
 79201 *960000564428234798  4  24.707
 79202 *957968627553713698  1  24.770
 79203 *964866672533748796  7  24.638
 79204 *963115467132161552  3  24.703
 79205 *968262912539853082  0  25.607
 79206 *963215385586421030  2  25.868
 79207 *967906361377464556  6  25.061
 79208 *960274973307271866  5  25.733
 79209 *963489655333802236  4  24.639
 79211 *961767861710526470  7  24.659
 79212 *965302909662785016  3  24.673
 79210 *963423658123688496  1  25.626
 79213 *963234482836858694  0  25.389
 79215 *968556604845416266  6  25.056
 79214 *963554158732497850  2  25.593
 79216 *963889279782126810  5  25.690
 79217 *966977299955747128  4  24.759
 79218 *965388009145357754  7  24.805
 79219 *968579456544937448  3  24.740
 79220 *963537685843772110  1  25.729
 79221 *968442819502755636  0  25.567
 79222 *960326947649644930  6  25.632
 79223 *958439791094690368  2  25.609
 79224 *961526779659619860  5  25.133
 79225 *961958876758986942  4  24.743
 79226 *960105642428675084  7  24.694
 79227 *963425003405669558  3  24.721
 79228 *958192066004655786  1  25.590
 79229 *964880949506847450  0  25.684
 79230 *958413274432145546  6  25.099
 79231 *959984879014080574  2  25.691
 79232 *963242434220842130  5  25.798
 79233 *958225500807953180  4  24.895
 79234 *960090118951746094  7  24.922
 79235 *959747665839763300  3  24.866
 79236 *961665953959601718  1  25.554
 79237 *966515266175222426  0  25.410
 79238 *963156839847106518  6  25.170
 79239 *968269776415447640  2  25.294
 79240 *963306176153191502  5  25.049
 79241 *966463708466009068  4  24.762
 79242 *964700488738952228  7  24.835
 79243 *963059516254707706  3  24.811
 79244 *959785923729628218  1  25.601
 79245 *964572667826725744  0  25.510
 79246 *963061165387907610  6  25.945
 79247 *959763040672259832  2  24.838
 79248 *964774007035889512  5  25.968
 79249 *961106601207584378  4  24.649
 79250 *966115925683634512  7  24.655
 79251 *958526948198035646  3  24.688
 79252 *960213562387734862  1  25.398
 79253 *958386744414625478  0  25.883
 79255 *961893347576812352  2  25.276
 79254 *959870925588918152  6  25.728
 79256 *960096943201026998  5  25.655
 79257 *965132268043739394  4  24.806
 79258 *959812686138907352  7  24.805
 79259 *961608035308216936  3  24.773
 79260 *960385209940128544  1  25.446
 79261 *963547554949104672  0  25.312
 79262 *961686585229613792  2  25.395
 79263 *963350515999616344  6  25.617
 79264 *963612722686765042  5  25.510
 79265 *963406991936561556  4  24.849
 79266 *966941081768333610  7  24.843
 79267 *965308492903727040  3  24.878
 79268 *963652022090057484  1  25.733
 79269 *965098058453691372  0  25.509
 79270 *968353871734323660  2  25.572
 79271 *963450972299789720  6  24.991
 79272 *966881244278339992  5  25.565
 79273 *965053764979396820  4  24.773
 79274 *960080460225562818  7  24.912
 79275 *958384001795000084  3  24.922
 79276 *959631459217788464  1  25.345
 79277 *963182713945734480  0  25.449
 79278 *958137291206266714  2  25.150
 79279 *963426902016294536  6  25.299
 79280 *961391556514986092  5  25.142
 79281 *961474216764313986  4  24.739
 79282 *968237428685095028  7  24.702
 79283 *968665411863838680  3  24.680
 79284 *965067506435763216  1  25.541
 79285 *970452011259426232  0  25.517
 79286 *966704474135654456  2  25.155
 79287 *970118268318444032  6  25.341
 79289 *964953073883597436  4  24.531
 79288 *964869886891436416  5  25.350
 79290 *964673003462149114  7  24.523
 79291 *966688765818787276  3  24.502
 79292 *964707630284614988  1  24.797
 79293 *968233970981756282  0  25.273
 79294 *963085761888110636  2  25.182
 79295 *964823815496404292  6  25.223
 79296 *966103616599252448  4  24.693
 79297 *967767948252913978  5  24.866
 79298 *964432085868868222  7  24.740
 79299 *962748118236626978  3  24.714
 79300 *967549175006081284  1  25.540
 79301 *961118262960757466  0  25.621
 79302 *960943018302619016  2  25.023
 79303 *967583571014577882  6  25.116
 79304 *965929404900641238  4  24.554
 79306 *964803601880320504  7  24.635
 79307 *964680567003822294  3  24.649
 79305 *963122387686681592  5  25.630
 79308 *959841512126395436  1  25.345
 79309 *959661202299130734  0  25.585
 79310 *964672638881771824  2  25.658
 79311 *964647503719060048  6  25.500
 79312 *966246146037549722  4  24.530
 79313 *964922118986687542  7  24.563
 79314 *961270758150732506  3  24.604
 79315 *961343540113965444  5  25.152
 79316 *963057492261282392  1  25.614
 79317 *959766580289856870  0  25.518
 79318 *959665125912417118  2  25.367
 79319 *962847825409550692  6  25.468
 79320 *964388357792247728  4  24.705
 79321 *963046884505441864  7  24.788
 79322 *968175042577157448  3  24.813
 79323 *963013385222729164  5  25.323
 79324 *963048340914839604  1  25.135
 79325 *968046465448316686  0  25.227
 79326 *963406227000085654  2  25.260
 79328 *959935216340045832  4  24.748
 79327 *963098327478040754  6  25.521
 79329 *963065348467219170  7  24.727
 79330 *963213721072799322  3  24.721
 79331 *959765027425422824  5  25.645
 79332 *964663066489266064  1  25.353
 79333 *963530247156101232  0  25.382
 79335 *958408731439863058  4  24.788
 79334 *958208468733405160  2  25.079
 79337 *960044075822136858  7  24.762
 79336 *959939551566900464  6  25.642
 79338 *958237231360885004  3  24.697
 79339 *962999774219221744  5  25.587
 79340 *963143076779592890  1  25.714
 79341 *961451959201998970  0  25.045
 79342 *964849950475031428  4  24.813
 79343 *964695007502716486  2  25.652
 79344 *959943983155746546  7  24.872
 79346 *961448160941509480  3  24.761
 79345 *959885103258883812  6  25.496
 79347 *961444739700394788  5  25.296
 79348 *966455383111092676  1  25.005
 79349 *964880702308634624  0  25.673
 79350 *964627870489720038  4  24.608
 79352 *963016670964729634  7  24.638
 79353 *959761927739963286  3  24.654
 79351 *961322063496582328  2  25.530
 79354 *959819809318066174  6  25.669
 79355 *961454665654954424  5  25.701
 79356 *961198596805688022  1  24.872
 79357 *964556958740147932  0  25.655
 79358 *963269167027214742  4  24.641
 79359 *959833610709770488  7  24.681
 79360 *963168707956291362  3  24.657
 79361 *959979879850910500  2  25.668
 79362 *960093266472185804  6  25.838
 79363 *961668622932543206  5  25.638
 79364 *961415684270953754  1  25.272
 79365 *964653231511241986  0  25.342
 79366 *959901560965257056  4  24.949
 79367 *963419437436283466  7  24.995
 79368 *958168996639114390  3  25.029
 79369 *958224072708308396  2  25.342
 79370 *958296946374562052  6  25.080
 79371 *959894919633402272  5  25.220
 79372 *961760879799335054  1  25.414
 79373 *959871661543994482  0  25.477
 79374 *959735426049569452  4  25.086
 79375 *963257904693645666  7  25.025
 79376 *968321571655579018  3  25.081
 79377 *962974211366973278  2  25.190
 79378 *963216562234942270  6  25.527
 79379 *964751025249176970  5  25.203
 79380 *964953773756765918  1  25.367
 79381 *963272447512240252  0  25.563
 79382 *963091907199607386  4  24.860
 79383 *959689626826583522  7  24.870
 79384 *963105743627909794  3  24.882
 79385 *959791516247033834  2  25.268
 79386 *961520465047543042  6  25.162
 79387 *964461304102710672  5  25.430
 79388 *961443371266450696  1  25.606
 79389 *963376327271595244  0  25.590
 79390 *958253275120595680  4  25.002
 79391 *958060250677607568  7  24.995
 79392 *959915616002606922  3  25.012
 79393 *958294823764862644  2  25.802
 79394 *959960855068536810  6  25.593
 79395 *961321799476574804  5  25.636
 79396 *959754110759981724  1  25.705
 79397 *966788892993758528  0  24.773
 79398 *966427292394795882  4  24.735
 79399 *969938042738266690  7  24.672
 79400 *964889515842679676  3  24.729
 79401 *963176229568458932  2  25.332
 79402 *963234568415758894  6  25.196
 79403 *964670981107071318  5  25.306
 79404 *965035636311764234  1  25.298
 79405 *963328142250659048  0  24.837
 79406 *963126809008514866  4  24.801
 79407 *960088835891545142  7  24.871
 79408 *963382113682466886  3  24.828
 79409 *959843052723244084  2  25.386
 79410 *963235453928342448  6  25.699
 79411 *963340289189975302  5  25.778
 79412 *961603666048365790  1  25.629
 79413 *964950931314351620  0  25.088
 79414 *965082550832741924  4  24.646
 79415 *963392383293548438  7  24.730
 79416 *963284464888037634  3  24.682
 79417 *968205873183186654  2  25.714
 79418 *963207974922567962  6  25.671
 79419 *965110053843743116  5  25.315
 79420 *964855180633605300  1  25.614
 79421 *960130956111323900  0  25.785
 79422 *958471227769771986  4  24.757
 79423 *958185029045445010  7  24.785
 79424 *963221108902647280  3  24.804
 79425 *958233263861222928  2  25.090
 79426 *961830224987809012  6  25.385
 79427 *959796338321096994  5  25.353
 79428 *961459656966933820  1  25.355
 79429 *967269236712324056  0  25.257
 79430 *966763475650372206  4  24.814
 79431 *964877002727575882  7  24.763
 79432 *965136073008320306  3  24.694
 79433 *963322124374216300  2  25.100
 79434 *965142026263384270  6  25.369
 79435 *963164086790158336  5  25.164
 79436 *968375804982164648  1  25.294
 79437 *963289211836036454  0  24.670
 79438 *964866967374331056  4  24.630
 79439 *967881743769981440  7  24.612
 79440 *967941344409013632  3  24.661
 79441 *964564623476906122  2  25.206
 79442 *967787015733052202  6  25.279
 79443 *970866624320329076  5  25.329
 79444 *964552266953603880  1  25.114
 79445 *964483588947980788  0  25.247
 79446 *967775086528402152  4  24.635
 79447 *963090981857713952  7  24.625
 79448 *961405268447060708  3  24.617
 79449 *964777092626963844  2  25.598
 79450 *959545163727428068  6  25.628
 79451 *961400331223106708  5  25.608
 79452 *964544813725898112  1  24.769
 79453 *962822886756518760  0  25.512
 79454 *964841227848899112  4  24.659
 79455 *968070231088343950  7  24.638
 79456 *964888756184743934  3  24.614
 79457 *969829223428992400  2  25.645
 79458 *964793911358693772  6  25.523
 79459 *961519878997503300  5  25.566
 79460 *964778937758339038  1  25.006
 79461 *967986204822579748  0  25.428
 79462 *964769219335200768  4  24.469
 79463 *964387525229313870  7  24.451
 79464 *966533435510255762  3  24.462
 79465 *963006816541080242  2  25.550
 79466 *966266362752147450  6  25.273
 79467 *968398481336750602  5  24.930
 79468 *965177592149179620  1  25.691
 79470 *964991881769022340  4  24.556
 79469 *968124815780084982  0  25.698
 79471 *969770518593694270  7  24.490
 79472 *966670975740445704  3  24.462
 79473 *969876575558826344  2  25.313
 79474 *963262153196576238  6  24.629
 79475 *961791157242234422  5  25.364
 79476 *959965770047919178  1  25.235
 79477 *964769130533281886  4  24.814
 79478 *959761127576866604  0  25.404
 79479 *964801434856301216  7  24.883
 79480 *961582662554642504  3  24.897
 79481 *963367873274165740  2  25.401
 79482 *964546365379168994  6  25.516
 79483 *958076223850313770  5  25.592
 79484 *959699348085496724  1  25.337
 79485 *959823642201815968  4  24.727
 79487 *959739467202648674  7  24.747
 79488 *957875640126832770  3  24.672
 79486 *957840613811046890  0  25.921
 79489 *962849070188016960  2  25.632
 79490 *963108254192965750  6  25.200
 79491 *963089233771138818  5  25.594
 79492 *963200485873174686  1  25.437
 79493 *968049925261536128  4  25.074
 79494 *963041443647721988  7  25.099
 79495 *959828873371614582  3  25.158
 79496 *959589749621976820  0  25.335
 79497 *963191918264379374  2  25.165
 79498 *959749917117912770  6  25.516
 79499 *962981588821435862  5  25.384
 79500 *964447747145041270  1  25.420
 79501 *958191283561896680  4  24.942
 79502 *959928596146719390  7  24.853
 79503 *958168239359737330  3  24.821
 79504 *959755568242901950  0  25.402
 79505 *957894011146623192  2  25.452
 79506 *962987913322228170  6  25.667
 79507 *959826585856729068  5  25.616
 79509 *959530525382183026  4  24.499
 79508 *961550140069030882  1  25.897
 79510 *966727746143539548  7  24.444
 79511 *960159668492482540  3  24.525
 79512 *963361817297005720  0  25.211
 79513 *963263003539017838  2  25.488
 79514 *965188088329459204  6  25.671
 79515 *961599633169694606  5  25.507
 79516 *963337871773082034  4  24.897
 79518 *961622420301982082  7  24.851
 79517 *963018604642088140  1  25.271
 79519 *969949608347774882  3  24.774
 79520 *963474547828565496  0  25.218
 79521 *963272340484916234  2  25.539
 79522 *965110807659789550  6  25.349
 79523 *963421786578739068  5  25.539
 79524 *968059029139599276  4  24.657
 79525 *965078659743280798  7  24.658
 79527 *960002905231424766  3  24.696
 79526 *964731505498098838  1  25.557
 79528 *958371226319155168  0  25.084
 79529 *959815803076248960  2  25.965
 79530 *959809723538458236  6  25.895
 79531 *961780263396924762  5  25.845
 79532 *958156374246207276  4  24.439
 79533 *962998435013572768  7  24.408
 79534 *959661233382474970  3  24.403
 79535 *968481230228051492  1  25.331
 79536 *965012748238131170  0  25.800
 79537 *968535533798524982  2  26.251
 79538 *965132931825733978  6  25.665
 79539 *968528561762116416  5  26.003
 79540 *968044513970659418  4  24.474
 79541 *961518411872889570  7  24.443
 79542 *969749430924321966  3  24.436
 79543 *963248777025536692  1  26.378
 79544 *963115905626147000  0  26.014
 79545 *964710585094267038  2  25.444
 79546 *963181868876985352  6  25.330
 79547 *964738325609403404  5  25.762
 79548 *969544487276042338  4  24.611
 79549 *963006524417631146  7  24.726
 79550 *963108898781059154  3  24.764
 79551 *964896808290449692  1  25.534
 79552 *963199654438625460  0  25.370
 79553 *964550209226386322  2  25.364
 79554 *968486129315335010  6  25.550
 79556 *968611986010484714  4  24.988
 79555 *968558197382803654  5  25.243
 79557 *968538712765071726  7  24.894
 79558 *966286177696552870  3  24.894
 79559 *959781155584690376  1  25.425
 79560 *963060285097325502  0  25.543
 79561 *959724176071378654  2  25.731
 79562 *962844723147973506  6  25.493
 79563 *963008917263170618  4  24.817
 79564 *959744289175449970  5  25.245
 79565 *963145246403363668  7  24.847
 79566 *962985470380260968  3  24.886
 79567 *969539529408326598  1  25.345
 79568 *963124873806999360  0  25.348
 79569 *963202189854079578  2  25.448
 79570 *967844721364538812  6  25.283
 79571 *963111667207220512  4  25.208
 79572 *963280101457980190  5  25.253
 79573 *963012309331003446  7  25.097
 79574 *964547625680675084  3  25.072
 79575 *959964262255697020  1  25.179
 79576 *958374788471318084  0  25.314
 79577 *958203379282591374  2  25.189
 79578 *963024502468673098  6  25.476
 79579 *958235407800168604  4  24.722
 79581 *958204360909568574  7  24.698
 79582 *959789946146436014  3  24.667
 79580 *960174986319709608  5  25.529
 79583 *977200468522035164  1  25.451
 79584 *972231009661539824  0  25.025
 79585 *972070512208541420  2  25.579
 79586 *971109788338185288  6  25.210
 79587 *966342836975849416  4  24.191
 79588 *971563362215808720  7  24.155
 79589 *968330789391709728  3  24.332
 79590 *966716417101273402  5  25.421
 79591 *966694657321287984  1  25.540
 79592 *968042634197387250  0  24.743
 79593 *971961509324624658  2  24.957
 79594 *971751969012658824  6  25.122
 79595 *979062357024081432  4  24.293
 79596 *972201397187159614  7  24.440
 79597 *973902924588744604  3  24.441
 79598 *968911431029519080  5  25.012
 79599 *971450590281846160  1  25.105
 79600 *972039078275671580  0  25.022
 79601 *968589398421964400  2  25.070
 79602 *968605981193898290  6  24.891
 79603 *977236636410412964  4  24.773
 79604 *970624731055307192  7  24.667
 79605 *967664120344142452  3  24.772
 79606 *971604021950508132  5  24.814
 79607 *967992482580521268  1  24.798
 79608 *976961961057784008  0  24.720
 79609 *969489400145152300  2  24.808
 79610 *966188187893996592  6  24.943
 79611 *966374610002476474  4  24.829
 79612 *966504649981335226  7  24.763
 79613 *966071458567279062  3  24.668
 79614 *971583570599948536  5  24.942
 79615 *971457402507658580  1  24.887
 79616 *971806415305540048  0  25.091
 79619 *972132789884531400  4  24.217
 79618 *968736453688419022  6  24.956
 79617 *974063511680186796  2  25.277
 79620 *974143109100638672  7  24.284
 79621 *970594725242368510  3  24.268
 79622 *971626065029099024  5  25.319
 79623 *977176264158938504  1  25.190
 79624 *973886819992642330  0  25.379
 79625 *972140423908563296  4  24.444
 79628 *967897911073671272  7  24.296
 79627 *972779578683819240  2  24.964
 79626 *965878199903536600  6  25.239
 79629 *971359205092088672  3  24.339
 79630 *966314372140617498  5  24.977
 79631 *969819371139216124  1  24.986
 79632 *968016156583965060  0  25.406
 79633 *966487235840096606  4  24.368
 79634 *967935850999776430  7  24.343
 79637 *982140649463254088  3  24.099
 79636 *976582537830344040  6  24.442
 79635 *968370955036300718  2  25.244
 79638 *976959652655030684  5  25.206
 79639 *977077258658009368  1  24.982
 79640 *971968829907137162  0  25.728
 79641 *971992596050150644  4  24.650
 79642 *971311134890889884  7  24.507
 79643 *966389897873118420  3  24.555
 79644 *971975789439324708  6  25.708
 79645 *966667696413590812  2  25.642
 79646 *968388600031714036  5  24.939
 79647 *966618607329828896  1  25.666
 79648 *968580537736872022  0  25.803
 79649 *966455597148710762  4  24.665
 79650 *974263198031940412  7  24.562
 79651 *968700200409856328  3  24.596
 79652 *971835062363491480  6  25.438
 79653 *968511416704421368  2  25.468
 79654 *974199182862765248  5  24.869
 79655 *972485611171935662  1  25.154
 79656 *972199959617693592  0  25.503
 79657 *974186910039384728  4  24.541
 79658 *970606007718326130  7  24.582
 79659 *971456152074152680  3  24.497
 79660 *971896691309268736  6  25.536
 79661 *968443679107512514  2  25.534
 79662 *971877919006853738  5  25.528
 79663 *971051612297391868  1  25.406
 79664 *967940032477463872  0  25.626
 79665 *966456649718084620  4  24.600
 79666 *966466383054805088  7  24.707
 79667 *966503186134332572  3  24.728
 79668 *971650099867849998  6  25.887
 79669 *967903108926720880  2  25.861
 79670 *978584757711032708  5  24.901
 79671 *974579921154724888  1  25.829
 79672 *971603433840858536  0  25.042
 79673 *972070044894501020  4  24.491
 79674 *978903505697201460  7  24.436
 79675 *973613026769908184  3  24.475
 79676 *968275587069371376  6  25.377
 79677 *972070218920168380  2  25.150
 79678 *973697477649957732  5  25.568
 79679 *971900279326787164  1  25.861
 79680 *972328068958196884  0  25.817
 79681 *970315979081161752  4  24.784
 79682 *973887158468992948  7  24.773
 79683 *965986129232618484  3  24.703
 79684 *966342649499300388  6  24.724
 79685 *972999622535200196  2  25.712
 79686 *969639569019217432  5  25.354
 79687 *973593718354606684  1  25.618
 79688 *968093144477745780  0  25.212
 79689 *971572222839781066  4  24.630
 79690 *968059870083459318  7  24.677
 79691 *968054894699191226  3  24.637
 79692 *967777236523432858  6  25.452
 79693 *968225193945717704  2  25.717
 79694 *966681905322164204  5  25.548
 79695 *961194362271646148  1  25.323
 79696 *963195203504400504  0  25.528
 79697 *961401893323818250  4  24.703
 79698 *961058941547335292  7  24.675
 79699 *963187770963316656  3  24.579
 79700 *966440046470262920  6  25.016
 79701 *963089848305346688  2  25.744
 79702 *961275896671244784  5  25.174
 79703 *961279482188455772  1  25.262
 79704 *971328481704069376  0  25.901
 79705 *966788752750730588  4  24.628
 79706 *966453919982015378  7  24.636
 79707 *968338078296522626  3  24.564
 79708 *966713738672930268  6  25.355
 79709 *961528576570479980  2  25.727
 79710 *966259138813761904  5  25.471
 79711 *968775283481314924  1  25.609
 79712 *963265307480589040  0  25.880
 79713 *963524677214622352  4  24.515
 79714 *961584122476355430  7  24.512
 79715 *961550567590857844  3  24.549
 79716 *963046496694462822  6  25.437
 79717 *965190265910427678  2  25.695
 79718 *962946198825923986  5  25.767
 79719 *966607521560510400  1  24.890
 79720 *966536222995928708  0  25.543
 79721 *968589371690037328  4  24.649
 79722 *966931238188806090  7  24.804
 79723 *963384410990876204  3  24.846
 79724 *964928569571211062  6  25.576
 79725 *961306423603628712  2  24.868
 79726 *966298225146087168  5  25.337
 79727 *963030976063631300  1  25.541
 79729 *964832050639948492  4  24.605
 79728 *968678111305850116  0  25.470
 79730 *966573592813096098  7  24.736
 79731 *963159718662490052  3  24.741
 79732 *961479148088844482  6  25.372
 79733 *961458790840074610  2  25.385
 79734 *963266514639444940  5  25.165
 79735 *962690260266857958  1  24.960
 79736 *966933759394337716  4  24.948
 79737 *963372365469262256  0  25.309
 79738 *966705097577091300  7  24.893
 79739 *966622439853572336  3  24.897
 79740 *970761994053029980  6  24.722
 79741 *967383566566852860  2  25.682
 79742 *963667079514761148  5  25.821
 79743 *967061473537696920  1  25.697
 79744 *973708825389587432  4  24.637
 79746 *968783898466483016  7  24.800
 79747 *968451596414849160  3  24.736
 79745 *967218792450300112  0  25.190
 79748 *966333912261103984  6  25.552
 79749 *961472585968001132  2  25.533
 79750 *968461402608047496  5  25.220
 79751 *963271763672791796  1  25.304
 79752 *968080570034058936  4  24.547
 79753 *963423653902465212  7  24.809
 79754 *961719266092026122  3  24.843
 79755 *965108296886224202  0  25.536
 79756 *963096289849308776  6  25.875
 79757 *963255397846686250  2  25.588
 79758 *964444713727063342  5  25.226
 79759 *965151251835736520  1  25.498
 79760 *966714595202921852  4  24.641
 79762 *968833866731046476  3  24.305
 79761 *968700665540136940  7  24.406
 79763 *963726367143857176  0  25.025
 79764 *968846360266536352  6  25.973
 79765 *965286920360671452  2  25.620
 79766 *970588577363879004  5  25.467
 79768 *963048923290308916  4  24.424
 79767 *966105105061447496  1  25.216
 79770 *968551529038117380  7  23.873
 79769 *963122577546178776  3  23.921
 79771 *964911115817049440  0  25.536
 79772 *961541633846436708  6  24.869
 79773 *961640978829318084  2  25.525
 79774 *968336264149928550  5  25.349
 79775 *964734261447246458  4  25.114
 79776 *963350205833541490  1  25.258
 79777 *962887403321566082  7  25.056
 79778 *965069257063069040  3  25.070
 79779 *963038576432208900  0  25.098
 79780 *966279137773177736  6  25.063
 79781 *963065487982235256  2  25.515
 79782 *961816479888943978  5  25.636
 79783 *961488942056459684  4  24.530
 79785 *963082447164048170  7  24.573
 79786 *961709788037498884  3  24.542
 79784 *966501085098022550  1  25.917
 79787 *961690731949359734  0  25.782
 79788 *966428540873661542  6  25.352
 79790 *966577216587995412  5  25.287
 79789 *968138227990565550  2  25.829
 79791 *961638651594169940  4  24.714
 79793 *963178646805364528  3  24.655
 79792 *964817703569808146  7  24.685
 79794 *963423342995771106  1  25.773
 79795 *961515281604952878  0  25.889
 79796 *963579287050802996  6  25.620
 79798 *965130760298053330  2  25.333
 79797 *966943243140872830  5  25.877
 79799 *961797653689386666  4  24.741
 79800 *966607390635025550  3  24.582
 79801 *963457507210902248  7  24.570
 79802 *963143717617262006  1  25.442
 79803 *963442027523293092  0  25.360
 79804 *964983508246048422  6  25.675
 79805 *966638101621427282  2  25.833
 79806 *961898149563021776  5  25.488
 79807 *963255706080937470  4  24.558
 79808 *963407739879021848  3  24.335
 79809 *966670222142821552  7  24.326
 79810 *963135463774268784  1  25.873
 79811 *966723423074900184  0  25.730
 79812 *966717712330062198  6  25.182
 79813 *968128530190055746  2  24.934
 79814 *969740326414841956  5  25.404
 79815 *967790173845019560  4  25.361
 79816 *963883525667691620  3  25.336
 79817 *967238305437017644  7  25.385
 79818 *966985453096899920  1  26.429
 79819 *961779216987061596  0  26.827
 79820 *966711947446616898  6  27.438
 79821 *963410684895565348  2  27.484
 79822 *964945533037958814  5  27.819
 79823 *964804108184922818  4  26.289
 79824 *966280739723798372  3  26.325
 79825 *966125025345809566  7  26.323
 79826 *966253948755232062  1  26.360
 79827 *963327210222575968  0  26.067
 79828 *961519785031290626  6  25.933
 79829 *961377835275326124  2  26.293
 79830 *968070518651580260  5  26.057
 79831 *964679997350050788  4  24.687
 79832 *966220660026887456  3  24.581
 79833 *968111668133889288  7  24.611
 79834 *963167905003213572  1  25.666
 79835 *964506858251720750  0  25.676
 79836 *963215530974504098  6  25.204
 79837 *963320182739701248  2  25.684
 79839 *964536173920103812  4  24.692
 79840 *961685096473128166  3  24.731
 79841 *966728051385074124  7  24.786
 79838 *963202389872829708  5  25.489
 79842 *963479562377409084  1  25.218
 79843 *963156764126380674  0  25.886
 79844 *964408959559073628  6  25.775
 79846 *965940634229052668  4  24.672
 79845 *967471914372820648  2  25.016
 79847 *966342181521592188  3  24.745
 79848 *961568424166362686  7  24.679
 79849 *963233130715177960  5  25.647
 79850 *966339670632591774  1  25.565
 79851 *961422075401048436  0  25.564
 79852 *967768227648632444  6  24.975
 79853 *967767890108289944  4  24.661
 79855 *981869181969593896  3  24.586
 79856 *974882206116891780  7  24.604
 79854 *988529641218639992  2  25.039
 79857 *974889463636607028  5  25.437
 79858 *975204572121826300  1  25.447
 79859 *968474097316973216  0  25.360
 79860 *968039628689512506  6  25.373
 79861 *968226908287298614  4  24.658
 79862 *968344316758114926  3  24.673
 79863 *968150870101220472  7  24.698
 79864 *968526599232318408  2  25.574
 79865 *968281857074563912  5  25.630
 79866 *968490634299777404  1  25.534
 79867 *968166831055330052  0  25.744
 79868 *967964597579965074  6  25.679
 79869 *968611543060828800  4  24.993
 79870 *968290194756682158  3  24.955
 79871 *967976776954201092  7  24.948
 79872 *967611426309746348  2  25.494
 79873 *975657373110881600  5  25.438
 79874 *968545431282848852  1  25.416
 79875 *973668140218184616  0  25.589
 79876 *966748461994301300  6  24.905
 79877 *968806126198364416  4  24.732
 79878 *968460086872188502  3  24.776
 79879 *971966440807771090  7  24.873
 79880 *966965942700502646  2  25.674
 79881 *966785393555936072  5  25.610
 79882 *966424196623748996  1  25.663
 79883 *968257128136240972  0  25.569
 79884 *968627403726849628  6  25.191
 79885 *968346380331853226  4  24.819
 79886 *968368802539512182  3  24.889
 79887 *966911300708039726  7  24.882
 79888 *966547498354370490  2  25.598
 79889 *971680297281661576  5  25.589
 79890 *968400855609412230  1  25.772
 79891 *973358962888250458  0  25.846
 79892 *966570590988532898  6  25.575
 79893 *966742167142500910  4  24.822
 79894 *966555644650377042  3  24.821
 79895 *975299299734281824  7  24.689
 79896 *968325634145239540  2  25.756
 79897 *973379204976260824  5  25.334
 79898 *966434390182376008  1  25.595
 79899 *968540123714604974  0  25.362
 79900 *968183398009850534  6  25.490
 79901 *971790524085811078  4  24.896
 79903 *968253289096998848  7  24.776
 79902 *966629637326530006  3  24.928
 79904 *966524669452855620  2  25.289
 79905 *966588368303748064  5  25.327
 79906 *968688729680987516  1  25.569
 79907 *970040181083807348  0  25.579
 79909 *968444529290302614  4  24.718
 79910 *966818452978233148  7  24.697
 79911 *968408564741779556  3  24.714
 79908 *966769318721458734  6  25.858
 79912 *971348055476662048  2  25.423
 79913 *971306741067121264  5  25.764
 79914 *975043739357095638  1  25.545
 79915 *971520916614704392  0  25.172
 79917 *968213571930277016  7  24.584
 79916 *971379054091692658  4  24.686
 79918 *966435116268144112  3  24.597
 79919 *968236026702762984  6  25.512
 79920 *968584178632660180  2  25.831
 79921 *969932774385080834  5  25.841
 79922 *968283270200784850  1  25.838
 79923 *966670898196211182  0  25.356
 79926 *968515880188356320  3  25.353
 79924 *968343221761169322  7  25.480
 79925 *966638828041956100  4  25.436
 79927 *966432701960234396  6  25.666
 79928 *973208309134458676  2  25.776
 79929 *966609747932602528  5  25.695
 79930 *968575164730409602  1  25.633
 79931 *968438717018278462  0  25.696
 79934 *966610603189875916  4  25.127
 79933 *966585402597644930  7  25.149
 79932 *966578879997352056  3  25.157
 79935 *966352665870999080  6  25.657
 79936 *968207083137379788  2  25.089
 79937 *968555499759521552  5  25.623
 79938 *968420074916126622  1  25.732
 79939 *968239562440592162  0  25.616
 79940 *966682418521151752  4  24.923
 79941 *966466249651685496  7  24.924
 79942 *971117977850056696  3  24.975
 79943 *968067854086746082  6  25.351
 79944 *968069938872559256  2  25.605
 79945 *966247016853585216  5  25.321
 79946 *966307223575292652  1  25.615
 79947 *966073034883286420  0  25.306
 79948 *981203992715329752  4  24.897
 79949 *974616324963325424  7  24.919
 79950 *974684332634177922  3  25.051
 79951 *974620334981299468  6  25.275
 79952 *961161695278937692  2  25.314
 79953 *961479082880966346  5  25.433
 79954 *961206170688910744  1  25.415
 79955 *966305415022066948  0  25.755
 79956 *966542424995826538  4  25.053
 79957 *963095042105746790  7  25.105
 79958 *963020991944764868  3  25.094
 79959 *967887663068125334  6  25.594
 79960 *961386591403315406  2  25.333
 79961 *961387653074063530  5  25.850
 79962 *961381754691193580  1  25.583
 79963 *966086598688994062  0  25.776
 79964 *961601348991968056  4  24.783
 79965 *963156688894258216  7  24.787
 79966 *966688202494525250  3  24.859
 79967 *961796255156671606  6  26.039
 79968 *961611845052999634  2  25.977
 79969 *963368807639908184  5  26.071
 79970 *963115200229025922  1  25.755
 79971 *964617863396032544  0  25.514
 79972 *963043869776676146  4  25.171
 79973 *961576847176773822  7  25.158
 79974 *961417959925952244  3  25.211
 79975 *963238416796673650  6  25.508
 79976 *962830695388260010  2  26.034
 79977 *968253028469607448  5  25.905
 79978 *961522441080490744  1  26.203
 79979 *961565840200836408  0  25.954
 79980 *961582838066544346  4  24.986
 79981 *963180159752204578  7  24.940
 79982 *963019210640777564  3  24.956
 79983 *967977603412635080  6  25.264
 79984 *967973255703730088  2  25.728
 79985 *961456456437641360  5  26.033
 79986 *966447784746260056  1  26.042
 79987 *961513541282549534  0  26.174
 79988 *961543241775178492  4  24.997
 79989 *966649751755600408  7  24.987
 79990 *963080347591670700  3  24.994
 79991 *963105500924535338  6  25.941
 79992 *966246524649786232  2  25.823
 79993 *961461561241358024  5  25.634
 79994 *961518172822880016  1  25.375
 79996 *966638190606738686  4  25.105
 79997 *961532042956770388  7  25.107
 79995 *966541375344331044  0  25.783
 79998 *961665235735991924  3  25.193
 79999 *961470437370795242  6  25.837
 80000 *968166918494675800  2  25.089
 80001 *969989701805103048  5  25.928
 80002 *968579318435086654  1  25.827
 80004 *961646475469552924  7  24.520
 80003 *969916491085246970  4  24.624
 80006 *961687028038177058  3  24.792
 80005 *968191654162000468  0  26.323
 80007 *961391619175469794  6  26.271
 80008 *963322897582897664  2  26.365
 80009 *966659804220154246  5  26.023
 80010 *963181720904128272  1  25.058
 80011 *963092713150480252  7  25.104
 80012 *964794157537593236  4  25.102
 80013 *967844793031054576  3  25.165
 80014 *971480365682197496  0  25.674
 80015 *973269475580607362  6  25.715
 80016 *968296287959672378  2  25.470
 80017 *966639925688719636  5  25.305
 80018 *966390548488328152  1  25.398
 80019 *961889437267996032  7  25.500
 80020 *963531983787646808  4  25.446
 80021 *961883350494022934  3  25.568
 80022 *961907443506728232  0  25.441
 80023 *961672990141985506  6  25.466
 80024 *963503689418975734  2  25.677
 80025 *963455988876398360  5  25.683
 80026 *965079855481250120  1  25.714
 80027 *961814687706810540  7  25.115
 80028 *961804541437719596  4  25.133
 80029 *963226280812197222  3  25.163
 80030 *963523647514250456  0  25.769
 80031 *963262561510489260  6  25.557
 80032 *961596301705438552  2  25.400
 80033 *961564306638837144  5  25.684
 80034 *961510146021261434  1  25.654
 80035 *963258858462591730  7  25.267
 80036 *963049273985854818  4  25.258
 80037 *968282900899583746  3  25.188
 80038 *968335195066045360  0  25.758
 80039 *966691805773443276  6  25.788
 80040 *968151643156414654  2  25.184
 80041 *966389101692676022  5  25.851
 80042 *968189195740020088  1  25.659
 80043 *968184093764467634  7  24.658
 80044 *968283862849942800  4  24.667
 80045 *961396692802076128  3  24.910
 80046 *961529758838415376  0  26.097
 80047 *966235485220515464  6  26.116
 80048 *961125728215729684  2  24.998
 80049 *961736480047743360  5  25.811
 80051 *963311618721319010  7  24.658
 80052 *961683349024612760  4  24.619
 80053 *961481864324399482  3  24.738
 80050 *961836669399509238  1  26.151
 80054 *968158711858612114  0  25.809
 80055 *961797062558380828  6  25.684
 80056 *961763271509663404  2  25.641
 80057 *961611083983648012  5  25.710
 80059 *961540742228215452  4  25.273
 80058 *968244317903194594  7  25.294
 80060 *961617933527060054  3  25.294
 80061 *966422706817723580  1  25.281
 80062 *961768408942103854  0  25.805
 80063 *963396146552100798  6  25.798
 80064 *961826630293803010  2  25.598
 80065 *963395393812017920  5  25.506
 80066 *961576769048002688  4  25.363
 80067 *963435820582084930  7  25.349
 80068 *965070918833270316  3  25.306
 80069 *963199706957147912  1  25.315
 80070 *968511693728324332  0  25.434
 80071 *961845529223735666  6  25.299
 80072 *962055850821879580  2  25.651
 80073 *961554315732533828  5  25.732
 80074 *965136449806789042  4  24.819
 80075 *961749541551404416  7  24.835
 80076 *961853163623284228  3  24.880
 80077 *961904871626176232  1  25.912
 80078 *961621999934867386  0  25.509
 80079 *963348576647317112  6  25.755
 80080 *961648309463487138  2  25.825
 80081 *961810491727708332  5  26.013
 80083 *968843499784482448  7  24.583
 80082 *963351228043306486  4  24.637
 80084 *968624809889949382  3  24.766
 80085 *966752783552288600  1  25.753
 80086 *966990166727106934  0  25.621
 80087 *968718355134353742  6  25.517
 80088 *966861127584686144  2  25.747
 80089 *975598711363281440  5  25.573
 80090 *972104612408312492  7  25.073
 80091 *971920057105815564  4  25.080
 80092 *971943270991470364  3  25.040
 80093 *968249943045109652  1  25.472
 80094 *968342869873293226  0  25.189
 80095 *961912604609234646  6  25.648
 80096 *961942811867133068  2  25.659
 80097 *961904655229604482  5  25.500
 80098 *962054754560296556  7  25.114
 80099 *961875853791844928  4  25.090
 80100 *975069180160066276  3  24.868
 80101 *969997723746795520  1  25.237
 80102 *979786088792050684  0  25.142
