144525                     60685909770143161856  0  25.684
144529                     60695784737967292160  2  25.838
144532                     60691995418210489856  6  25.877
144530                     60667193640095098112  1  25.880
144528                     60698308267500594816  5  25.948
144531                     60691218237066018304  7  26.487
144527                     60698382178007692032  3  26.537
144526                     60697905356729803008  4  26.537
144535                     60710494236986619904  6  26.002
144534                     60711281724895046400  2  26.111
144533                     60703471164216769280  0  26.285
144536                     60702217818052383872  1  26.133
144537                     60700982526329114624  5  26.197
144538                     60707979547244134912  7  26.411
144540                     60725159485057848832  4  26.427
144539                     60704290180794753024  3  26.465
144542                     60688195876916449920  2  25.894
144541                     60669951482858765312  6  26.016
144544                     60653215712706427392  1  25.947
144543                     60692595681069547264  0  26.121
144545                     60684162908874037248  5  26.074
144546                     60683871350417343488  7  26.378
144547                     60690426304090202752  4  26.387
144548                     60677511862713280768  3  26.385
144550                     60689362550521477760  6  25.771
144551                     60677548086764578048  1  25.762
144549                     60688867196735311104  2  25.947
144552                     60687899825122411008  0  25.813
144553                     60732722071706808832  5  25.674
144554                     60695565692618951936  7  25.931
144555                     60704807069792881664  4  25.905
144556                     60702499206886000256  3  25.908
144559                     60688690396614588288  2  25.555
144558                     60691131904841431040  1  25.675
144557                     60696358666925349504  6  25.738
144560                     60680861118952754944  0  25.732
144561                     60688879048348866432  5  25.696
144563                     60690719163319814016  4  25.807
144562                     60702174305285627392  7  25.886
144564                     60695918539752554240  3  25.857
144565                     60685037682821134080  2  25.586
144566                     60683831911789191040  1  25.609
144567                     60695549631974788352  6  25.688
144568                     60688055436857271168  0  25.546
144569                     60699214037769541760  5  25.772
144571                     60696191092464134784  7  25.750
144572                     60661092604548532736  3  25.744
144570                     60685276335011714432  4  25.904
144573                     60672870891245783680  2  17.767
144574                     60695243475379945216  1  17.710
144576                     60659166270734697216  0  17.644
144575                     60693764223312484608  6  17.783
144577                     60694396332603276800  5  17.257
