141735                     62489024102367256576  2  34.743
141734                     61886634257046112256  0  35.228
141733                     62013209911119226880  1  35.279
141736                     61908348427938119680  3  35.443
141737                     61869819194331631616  2  33.750
141738                     61911259024320134144  0  33.855
141739                     61705220864577451520  1  34.007
141740                     61747925067816568320  3  33.894
141741                     61625209364933681664  2  34.067
141743                     61679353691851600512  1  33.804
141742                     61993377430783712768  0  34.020
141744                     61704491828105622272  3  33.995
141745                     61715532539839352704  2  33.445
141748                     61730347594883704704  3  33.367
141747                     61599931096897102336  0  33.772
141746                     61593431964542099968  1  34.064
141749                     61468947582971380864  2  33.223
141750                     61568989529811749248  3  33.235
141751                     61467530418325247744  0  33.354
141752                     61597292687230753664  1  33.549
141753                     61608012914669615488  2  33.312
141754                     61482124706079374080  3  33.439
141755                     61494747057529611392  0  33.303
141756                     61504503559848871296  1  33.599
141757                     61491303334730919680  2  33.415
141758                     61617111295280947584  3  33.298
141759                     61739446802837475840  0  33.382
141760                     61541911767775152128  1  33.469
141761                     61405424547569171712  2  33.280
141762                     61596011530551955200  3  33.151
141763                     61621505863194546432  0  33.267
141764                     61413272557641505536  1  33.646
141765                     61531850277129646592  2  33.166
141766                     61327326347209815552  3  33.300
141767                     61325804407686232064  0  33.515
141768                     61534773054744500224  1  33.350
141769                     61876800325518876672  2  33.028
141770                     61380186989892246528  3  33.374
141771                     61698811083965416448  0  33.314
141772                     61399993079822187008  1  33.401
141773                     61402660200839037952  2  33.445
141774                     61432347213059123200  3  33.531
141775                     61226756080054331392  0  33.722
141776                     61446050023948218368  1  33.700
141777                     61416890102032339712  2  33.616
141778                     61460448586104540544  3  33.659
141779                     61227107325656336896  0  33.640
141780                     61333906919413322752  1  33.830
141781                     61349700996466455936  2  33.636
141782                     61306358610003470592  3  33.553
141783                     61368452523207800448  0  33.450
141784                     61758101428704635904  1  33.645
141785                     61656956463897678976  2  33.222
141787                     61578856771217273088  0  33.606
141786                     61333739059654682496  3  35.262
141788                     61602233230224025856  1  33.346
141789                     61319515785245333504  2  33.380
141790                     61697071533906937856  0  33.709
141791                     61528585644254031104  3  33.519
141792                     61332566193667385088  1  34.122
141793                     61494188425876150272  2  33.238
141795                     61338308001758635008  3  33.216
141794                     61230915747381135744  0  34.253
141796                     61360528789894553344  1  33.671
141797                     61406792610104399872  2  33.435
141799                     61238358601899123072  0  33.460
141798                     61446498845680991360  3  34.539
141800                     61363897138359350400  1  33.699
141801                     61316518033598039296  2  33.518
141802                     61467708666611531904  0  34.060
141803                     61441237662242845184  3  33.245
141804                     61342890566191982976  1  33.388
141805                     61476219137116570496  2  34.317
141807                     61241943051640848384  3  33.375
141806                     61328086599751888768  0  33.577
141808                     61365264944079603072  1  33.591
141809                     61322396965491850752  2  32.967
141810                     61360906577836080512  3  33.165
141812                     61371023084607473024  1  33.612
141811                     61539186570524424704  0  35.062
141813                     61214250681329238528  2  33.704
141814                     61459562050695955712  3  33.465
141815                     61449337166472321664  1  33.531
141816                     61487938703163993856  0  33.581
141817                     61482233123366914048  2  33.516
141818                     61234806652125009664  3  33.655
141819                     61237674209802851840  1  33.749
141820                     61568500344526973440  0  33.737
141821                     61358102789416682624  2  33.596
141822                     61330528863064719488  3  33.871
141823                     61452380732081311232  1  33.804
141824                     61342393762989697664  0  33.608
141825                     61836329416545819136  2  33.318
141826                     61609691525744636928  3  33.657
141827                     61371067619205915776  1  33.550
141828                     61262153027949880064  0  33.435
141829                     61507308153379152128  2  33.281
141830                     61499754324035422208  3  33.459
141831                     61272778765132807936  1  33.287
141832                     61617829504926120832  0  33.503
141833                     61492068323753865728  2  33.346
141834                     61471177804639568768  3  33.362
141835                     61351594131532467968  1  33.293
141836                     61246871196040199808  0  33.595
141837                     61563033842846362112  2  33.240
141838                     61345223225365026816  3  33.275
141839                     61417089712500176896  1  33.032
141840                     61492563051971514112  0  33.427
141841                     61464418651801519104  2  33.473
141842                     61258557947146807040  3  33.508
141843                     61507559817791923712  1  32.884
141844                     61469180522483837824  0  33.492
141845                     61348073419883898880  2  33.460
141847                     61483372497368997888  1  32.851
141846                     61245018831870280064  3  33.452
141848                     61450419807260659968  0  33.433
141849                     61233538075512378496  2  33.501
141850                     61336055240968915840  1  33.611
141851                     61511109052781886464  3  33.130
141852                     61690326540842194944  0  33.220
141853                     61536787637967021568  2  33.303
141854                     61421312490304459008  1  33.361
141855                     61321903146803445504  3  33.471
141856                     61395994737389850624  0  33.383
141857                     61564920667262350848  2  32.982
141858                     61417719479281835392  1  33.400
141859                     61206073478426839936  3  33.339
141860                     61210697980330117376  0  33.571
141861                     61482724782734696448  2  33.170
141862                     61641882631400169472  1  33.130
141863                     61500123022493883904  3  33.267
141864                     61398154828973398016  0  33.298
141865                     61299238864590807040  2  33.478
141866                     61718955869085281280  1  33.529
141867                     61866050640801430528  3  33.441
141868                     61488178447381016448  0  33.745
141869                     61614175512858511488  2  33.521
141871                     61485762845779499008  3  33.243
141870                     61478404778982344320  1  33.532
141872                     61360125181172400256  0  33.731
141873                     61571764566921687680  2  33.653
141874                     61251678184235063168  3  33.516
141875                     61369391381796604544  1  33.705
141876                     61359642882494245632  0  33.808
141877                     61482969440645769472  2  33.705
141879                     61424795664534355968  1  33.364
141878                     61249259484473122816  3  33.759
141880                     61356038662091029504  0  33.770
141881                     61606581193229243136  2  33.577
141882                     61448991013186812800  1  33.512
141883                     61480763947391797632  3  33.763
141884                     61256794918635843328  0  33.764
141885                     61534811948435234304  2  33.534
141886                     61475054796705583872  1  33.700
141887                     61360198174928487936  3  33.489
141888                     61348076065371052672  0  33.650
141889                     61254625938429771008  2  33.618
141890                     61531948248069850880  1  33.490
141891                     61360111297676901504  3  33.626
141892                     61342588650486049920  0  33.714
141893                     61472484208077094912  2  33.864
141895                     61538929047301126144  3  33.632
141894                     61256062616190969728  1  34.004
141896                     61738626016444704256  0  33.526
141897                     61436043060103903488  2  33.558
141899                     61491230269215576064  1  32.987
141898                     61347131937072487168  3  33.132
141900                     61580710950931736064  0  33.437
141901                     61227812566015289344  2  33.394
141903                     61232472765462643200  3  33.372
141902                     61444763323356356736  1  33.518
141904                     61330209552506267392  0  33.578
141905                     61408583556772165376  2  33.428
141906                     61588304846217459200  3  33.477
141907                     61221378545695419648  1  33.602
141908                     61425902537071120640  0  33.739
141909                     61215551888190549248  2  33.653
141911                     61437700863241933568  1  33.420
141910                     61214010658296855936  3  33.698
141912                     61583257463748278784  0  33.752
141913                     61605576442394215936  2  33.501
141915                     61256490046604965120  3  33.645
141914                     61431973343050859648  1  33.678
141916                     61245888731487950336  0  33.674
141917                     61542988017147956224  2  33.499
141919                     61339269272196848256  1  33.180
141918                     61593224649680283008  3  33.444
141920                     61252371979247382528  0  33.760
141921                     61217822027757904640  2  33.465
141922                     61379831542265971328  1  33.608
141923                     61254816881283595136  3  33.614
141924                     61225717309483463168  0  33.854
141925                     61248503460527020032  2  33.820
141926                     61134202955753981312  1  33.866
141927                     61225305507106262528  3  33.702
141928                     61317867856998313216  0  33.791
141929                     61358654780799967616  2  33.576
141930                     61215790780613047680  1  33.509
141931                     61117404533608406016  3  33.690
141932                     61523124202282191104  0  33.574
141933                     61598220373354295808  2  33.677
141934                     61241470701065144576  1  33.728
141935                     61328807075548080896  3  33.654
141936                     61205854543775864064  0  33.592
141937                     61279580428032304640  2  33.391
141938                     61121937531544677120  1  33.785
141939                     61214014149494943232  3  33.645
141940                     61109853861869808768  0  33.777
141941                     61218080637861616128  2  33.273
141943                     61261551484532222592  3  33.162
141942                     61393280990234096896  1  33.210
141944                     61134734559120334208  0  33.794
141945                     61237956533129168000  2  33.505
141946                     61227444228904597888  3  33.222
141947                     61267945477689039616  1  33.246
141948                     61230223880004363008  0  33.511
141949                     61306519242378880256  2  33.466
141950                     61358737173585807360  3  33.609
141951                     61234606156157714944  1  33.798
141952                     61126026281559385728  0  33.810
141953                     61208887481438009472  2  33.658
141954                     61243048041174470400  3  33.682
141955                     61222548784295017984  1  33.474
141956                     61289288315149697024  0  33.610
141957                     61133046111355754240  2  33.581
141959                     61214361097057205376  1  33.488
141958                     61120962244059951744  3  33.712
141960                     61231596985062914560  0  33.671
141961                     61321551257231930624  2  33.295
141963                     61399117964162292992  3  33.088
141962                     61315868581427002624  1  33.345
141964                     61103731013867856640  0  33.606
141965                     61364422512482269440  2  33.404
141966                     61331056242392415232  3  33.348
141967                     61459038147241980928  1  33.481
141968                     61238219809127055872  0  33.645
141969                     61544672013199571712  2  33.472
141970                     61457869241661957376  3  33.639
141971                     61231283384812676608  1  33.674
141972                     61246105608952672256  0  33.568
141973                     61239945158951415552  2  33.511
141974                     61126746500468014592  3  33.743
141975                     61327136008031200128  1  33.688
141976                     61105441900842441984  0  33.566
141977                     61442465658393553920  2  33.343
141978                     61722828597977197056  3  33.277
141979                     61702819301841139712  1  33.238
141980                     61474427228992751104  0  33.378
141981                     61723174648225998592  2  32.994
141982                     61582656266410038656  3  33.161
141983                     61666464255636969216  1  33.213
141984                     61544403957507061504  0  33.320
141985                     61439200019859363072  2  33.198
141986                     61712820867285989376  3  33.009
141987                     61668135879488130048  1  33.459
141988                     61459996389686218752  0  33.363
141989                     61541030746052985856  2  33.206
141990                     61437175899274023680  3  33.158
141991                     61713047045549947392  1  33.212
141992                     61605235843005554944  0  33.413
141993                     61505602775967184128  2  33.245
141994                     61586530957946819584  3  32.938
141995                     61614833771024237056  1  33.230
141996                     61403123902241629440  0  33.436
141997                     61408430462836724480  2  33.434
141998                     61646227640086335744  3  33.488
141999                     61835195123402492416  1  33.684
142000                     61457620244117231104  0  33.472
142001                     61589715898551599360  2  33.412
142002                     61689757349780002944  3  33.382
142003                     61553489309493200128  1  33.668
142004                     61688615514942441984  0  33.592
142005                     61571287633774662144  2  33.429
142006                     61574757131023901312  3  33.580
142007                     61766164659331116800  1  33.492
142008                     61445864840014270720  0  33.645
142009                     61446827693681545344  2  33.443
142010                     61662462672043906816  3  33.652
142011                     61432215440532945792  1  33.744
142012                     62033331812470561280  0  33.448
142013                     61775500402097614208  2  33.386
142014                     61796023235647842688  3  33.569
142015                     61562179698539437184  1  33.743
142016                     61692777569544101632  0  33.505
142017                     61550524455757523584  2  33.366
142018                     61552246678130291072  3  33.413
142019                     61450499993042755584  1  33.504
142020                     61547167025816610304  0  33.692
142021                     61680212281679642112  2  33.660
142022                     61460591607831855232  3  33.472
142023                     61938326220795076096  1  33.576
142024                     61630777068953883520  0  33.446
142025                     61540870559324902912  2  33.622
142026                     61639520986748722432  3  33.470
142027                     61427495654246147072  1  33.363
142028                     61425483985308074880  0  33.574
142029                     61317944804151190528  2  33.246
142030                     61530793400195374336  3  33.547
142031                     61457419181344223872  1  33.494
142032                     61340184889536196352  0  33.645
142033                     61327629902039659520  2  33.491
142034                     61427905979303113216  3  33.676
142035                     61426032874775806464  1  33.321
142036                     61465652428592011648  0  33.565
142037                     61330286414245498624  2  33.438
142038                     61437545966613612672  3  33.557
142039                     61336020768211153408  1  33.474
142040                     61418977890486956928  0  33.690
142041                     61326125937705498112  2  33.351
142042                     61434748199563113216  3  33.400
142043                     61451551875817358336  1  33.731
142044                     61328348616118184064  0  33.697
142045                     61303901291820021760  2  33.571
142046                     61300691414589481984  3  33.311
142047                     61410274521172448000  1  33.575
142048                     61320150270144431104  0  33.730
142049                     61515021460892928000  2  33.294
142050                     61312924609919104256  3  33.689
142051                     61773178681317846272  1  33.066
142052                     61728891580225274880  0  33.420
142053                     61520974953667736832  2  33.311
142054                     61758188864862332416  3  33.492
142055                     61623227530952611584  1  33.314
142056                     61638135037694969088  0  33.400
142057                     61784021793509231872  2  32.990
142058                     61574464654035278848  3  33.187
142059                     61683945137133280384  1  33.465
142060                     61766086768920039168  0  33.347
142061                     61577651103937739264  2  33.277
142062                     61479457623468380288  3  33.454
142063                     61491821411553682944  1  33.182
142064                     61597498890419901696  0  33.429
142065                     61723556613081266944  2  33.268
142066                     61509438170926970624  3  33.381
142067                     61678951182267061632  1  33.517
142068                     61577987307495944192  0  33.436
142069                     61589346178977036800  2  33.210
142070                     61486345327712723072  3  33.432
142071                     61483414344660221696  1  33.164
142072                     61594093462273933056  0  33.457
142073                     61849355765001555328  2  33.360
142074                     61756887607001613056  3  33.383
142075                     61745121706873586688  1  33.189
142076                     61913460431190982144  0  33.262
142077                     61646295868094160128  2  33.273
142078                     61552139554183937024  3  33.405
142079                     61656387324818769152  1  33.364
142080                     61541470542946251136  0  33.278
142081                     61538153461368027008  2  33.223
142082                     61441175801352998144  3  33.426
142083                     61453676928102457472  1  33.354
142084                     61449053657698452992  0  33.468
142085                     61647063996462269952  2  33.442
142086                     62151431622795488768  3  33.556
142087                     61722459168797532160  1  33.728
142088                     61490726263691508864  0  33.621
142089                     61496526309366419200  2  33.427
142090                     61734929855499572352  3  33.576
142091                     61603977499979952256  1  33.709
142092                     61499136894190651520  0  33.532
142093                     61506271257390071680  2  33.421
142094                     61814618285991737216  3  33.524
142095                     61495227753931874944  1  33.737
142096                     61612121958395481216  0  33.654
142097                     61475556663161515904  2  33.613
142098                     61559537464529366016  3  33.598
142099                     61471661230092939776  1  33.608
142100                     61475854597259044864  0  33.578
142101                     61450829821045512960  2  33.508
142102                     61439788655742386688  3  33.708
142103                     61552646529728539776  1  33.398
142104                     61466690834993116160  0  33.737
142105                     61378162328880084480  2  33.515
142106                     61371658258568572672  3  33.543
142107                     61464659675844325632  1  33.556
142108                     61367356234292419840  0  33.413
142109                     61362410307126411520  2  33.501
142110                     61469888674662605312  3  33.649
142111                     61360998980593372160  1  33.533
142112                     61340344028543473920  0  33.539
142113                     61545821221694289408  2  33.469
142114                     61317601542036683008  3  33.755
142115                     61362518816502172032  1  33.524
142116                     61482890316330062336  0  33.657
142117                     61374896348400855936  2  33.768
142118                     61374982834571886208  3  33.599
142119                     61370661413844629504  1  33.623
142120                     61373015437412566656  0  33.535
142121                     61584013706629662848  2  33.438
142122                     61382238485469981440  3  33.344
142123                     61591477449393032576  1  33.742
142124                     61385220922912696448  0  33.611
142125                     61492858055738753536  2  33.484
142126                     61360911342619616768  3  33.369
142127                     61468696627070187648  1  33.495
142128                     61717275176352438528  0  33.646
142129                     61501832089415042048  2  33.522
142130                     61367243529568171776  3  33.554
142131                     61472370524056582912  1  33.375
142132                     61504262790158532352  0  33.383
142133                     61381903940962370176  2  33.315
142134                     61389871398487637376  3  33.194
142135                     61514032955867462912  1  33.516
142136                     61498084420886032896  0  33.401
142137                     61515095773614352384  2  33.262
142138                     61480769180787459840  3  33.364
142139                     61500587098804217344  1  33.596
142140                     61508399837174141184  0  33.291
142141                     61522023747596581632  2  33.243
142142                     61456607565735159040  3  33.534
142143                     61553514037818155776  1  33.429
142144                     61357485483555835392  0  33.331
142145                     61366801514328211968  2  33.287
142146                     61460780173201661184  3  33.304
142147                     61562862543538044288  1  33.169
142148                     61639327381711783808  0  33.223
142149                     61340895513211425152  2  33.477
142150                     61463083230726254208  3  33.282
142151                     61361736215656570368  1  33.421
142152                     61369713525197978112  0  33.436
142153                     61470168262856089344  2  33.407
142154                     61487995678685540096  3  33.302
142155                     61486418196866820352  1  33.350
142156                     61451320482213133056  0  33.376
142157                     61535080562981203712  2  33.400
142158                     61473544518147984384  3  33.363
142159                     61366704770974395136  1  33.324
142160                     61366267310421959168  0  33.312
142161                     61474469654297830912  2  33.265
142162                     61562821642587440128  3  33.316
142163                     61742445460315400192  1  33.036
142164                     61475700092007274496  0  33.248
142165                     61475749092527593600  2  33.293
142166                     61636136534876960640  3  33.511
142167                     61711833401435227136  1  33.357
142168                     61435208896269111808  0  33.337
142169                     61436393390115682816  2  33.234
142170                     61434939460155723648  3  33.260
142171                     61424591221787993728  1  33.210
142172                     61603853055569152128  0  33.024
142173                     61431490671885933440  2  33.400
142174                     61423182176940140672  3  33.443
142175                     61334965080053872000  1  33.343
142176                     61343929215005859456  0  33.249
142177                     61343745388538638976  2  33.268
142178                     61334080901236982016  3  33.417
142179                     61753840882289481984  1  33.278
142180                     61909866550630384128  0  32.927
142181                     61555724039098531840  2  33.147
142182                     61554005878015302656  3  33.357
142183                     61611690702353676160  1  33.414
142184                     61709491987551451008  0  33.569
142185                     61507920989321736192  2  33.427
142186                     61853819670383875584  3  33.472
142187                     61473543455765417216  1  33.419
142188                     61363540856494558464  0  33.642
142189                     61367820092209878656  2  33.546
142190                     61478064567117130368  3  33.592
142191                     61499986825037684352  1  33.538
142192                     61476215245651276672  0  33.686
142193                     61368285650708556800  2  33.425
142194                     61593348680735092480  3  33.471
142195                     61390462908484764160  1  33.421
142196                     61798267906731099136  0  33.399
142197                     61489676019363522432  2  33.631
142198                     61570941349910388864  3  33.609
142199                     61376139441513210112  1  33.460
142200                     61487738785176974976  0  33.367
142201                     61469766788246816640  2  33.507
142202                     61502590257348152960  3  33.479
142203                     61564267420959408512  1  33.303
142204                     61467194020270578944  0  33.667
142205                     61678189946342689152  2  33.762
142207                     61548919521702738944  1  33.327
142206                     61476856803824046976  3  33.613
142208                     61423507050493211392  0  33.346
142209                     61330941728781024640  2  32.856
142211                     61334960386490337152  3  31.713
142210                     61439286428946052352  1  31.945
142212                     61449198451131333120  0  32.883
142213                     61355629880024044928  2  33.542
142214                     61597633645421394176  3  33.391
142215                     61366488825450140800  1  33.797
142216                     61371596627911931776  0  33.626
142217                     61581216523845328768  2  33.683
142218                     61359999215769677952  3  33.663
142219                     61361174424819733888  1  33.378
142220                     61451378599917591296  0  33.617
142221                     61358485908280782208  2  33.643
142222                     61559264822614983168  3  33.506
142223                     61469019930705771776  1  33.609
142224                     61687638235627216128  0  33.566
142225                     61361115332755521920  2  33.500
142226                     61488046719544020992  3  33.556
142227                     61251267427867729536  1  33.462
142228                     61342922784098670208  0  33.612
142229                     61358625861678370432  2  33.575
142230                     61336321115575327360  3  33.502
142231                     61357314320175799296  1  33.564
142232                     61245632913018281600  0  33.760
142233                     61256259949829902720  2  33.545
142234                     61455260088411175424  3  33.461
142235                     61366578487511127680  1  33.635
142236                     61346734272282744576  0  33.470
142237                     61381078734460288896  2  33.723
142238                     61378991035077949312  3  33.459
142239                     61348196684809965568  1  33.576
142240                     61465815417730855040  0  33.546
142241                     61243501709349527168  2  33.498
142242                     61339556480344135552  3  33.577
142243                     61328626225370269184  1  33.450
142244                     61336665238118457600  0  33.697
142245                     61234176804465935872  2  33.603
142246                     61358452422007903872  3  33.400
142247                     61362889203780185984  1  33.646
142248                     61464464104768167552  0  33.620
142249                     61449756701340676864  2  33.488
142250                     61259320468124783744  3  33.598
142251                     61378041851195389312  1  33.379
142252                     61468168766483056128  0  33.411
142253                     61365990161149913472  2  33.672
142254                     61475220431874066432  3  33.397
142255                     61369504305622580224  1  33.506
142256                     61226692119532268032  0  33.529
142257                     61416386724104361856  2  33.348
142258                     61417171906194848256  3  33.166
142259                     61322589738953758976  1  33.670
142260                     61218854919751846144  0  33.645
142261                     61335694847622735104  2  33.338
142262                     61541834267947362688  3  33.471
142263                     61231772163254366208  1  33.445
142264                     61328485979391847424  0  33.563
142265                     61241689546247673088  2  33.531
142266                     61362510124109702272  3  33.458
142267                     61583570252156253568  1  33.888
142268                     61607681264389754624  0  33.592
142269                     61346959629999887232  2  33.383
142270                     61454163489078124416  3  33.216
142271                     61344784893892612480  1  33.759
142272                     61546501662427480064  0  33.618
142273                     61452057045079906560  2  33.443
142274                     61436919824290413952  3  33.550
142275                     61362537747731501568  1  33.479
142276                     61226508868074065152  0  33.486
142277                     61451230457220609408  2  33.415
142278                     61323673924624779008  3  33.409
142279                     61532632408440856320  1  33.330
142280                     61317976809696225792  0  33.655
142281                     61447524502485929984  2  33.421
142282                     61343112121018388736  3  33.659
142283                     61257522371522135552  1  33.554
142284                     61337722337600301056  0  33.598
142285                     61247679071841343488  2  33.437
142286                     61236848643778648704  3  33.682
142287                     61253619660193812096  1  33.630
142288                     61360565756492956288  0  33.513
142289                     61239838670945686528  2  33.374
142290                     61331254876299364096  3  33.625
142291                     61335011889904987648  1  33.682
142292                     61359322541694162176  0  33.429
142293                     61346984709522725888  2  33.407
142294                     61243666427010797312  3  33.579
142295                     61448014271202048768  1  33.526
142296                     61246324745058210816  0  33.442
142297                     61363060573570352896  2  33.546
142298                     61273462478692942592  3  33.693
142299                     61373447539246371840  1  33.561
142300                     61379070785600705408  0  33.632
142301                     61362821161626616832  2  33.448
142302                     61266079593105282048  3  33.640
142303                     61361959005503892736  1  33.426
142304                     61240193062050288896  0  33.576
142305                     61240798385905360640  2  33.742
142306                     61254177776049120896  3  33.640
142307                     61247156406734801152  1  33.534
142308                     61359491769515859712  0  33.596
142309                     61356091555031066368  2  33.828
142310                     61377729079346797824  3  33.464
142311                     61251772941047097856  1  33.699
142312                     61345343347171377920  0  33.439
142313                     61345117446492201728  2  33.634
142314                     61236084829539231872  3  33.521
142315                     61254720450919899904  1  33.602
142316                     61344614746652815872  0  33.696
142317                     61256143008031396352  2  33.552
142318                     61329291145491930880  3  33.551
142319                     61431848929596551168  1  33.305
142320                     61258055608311774720  0  33.588
142321                     61246879428625414528  2  33.572
142322                     61257816957140973440  3  33.693
142323                     61356273247334589696  1  33.757
142324                     61368964216861682432  0  33.730
142325                     61248702317094490880  2  33.479
142326                     61457881984339309696  3  33.621
142327                     61347742215638202880  1  33.336
142328                     61523226906517147136  0  33.393
142329                     61330268713235384320  2  33.631
142330                     61365774802023781888  3  33.698
142331                     61247827015235170304  1  33.552
142332                     61333443056449152256  0  33.671
142333                     61229877806524268288  2  33.597
142334                     61243399407230775040  3  33.500
142335                     61338053457273210240  1  33.639
142336                     61238577940295363584  0  33.747
142337                     61448437191280476160  2  33.276
142338                     61412905449858552576  3  33.310
142339                     61328748113911557632  1  33.775
142340                     61246342509753148928  0  33.529
142341                     61245823437376544256  2  33.514
142342                     61356994108243315968  3  33.406
142343                     61468388747437232512  1  33.616
142344                     61655086140559328384  0  33.537
142345                     61749616124681968640  2  33.450
142346                     61337386490143783424  3  33.762
142347                     61346294911283944960  1  33.502
142348                     61554698490981199616  0  33.629
142349                     61547573927992487168  2  33.485
142350                     61258429978308144128  3  33.423
142351                     61276597853289674240  1  33.440
142352                     61286594020396316160  0  33.320
142353                     61268300736262699008  2  33.343
142354                     61285143180887270144  3  33.242
142355                     61350672071126904064  1  33.516
142356                     61255028906897309696  0  33.362
142357                     61265786772911175680  2  33.235
142358                     61460484324594326016  3  33.395
142359                     61360458539230338944  1  33.291
142360                     61370215835893985664  0  33.391
142361                     61254577032521667072  2  33.395
142362                     61284874976692207872  3  33.215
142363                     61348904217042503168  1  33.533
142364                     61265726631205222400  0  33.299
142365                     61264860831351435776  2  33.290
142366                     61443186222027080704  3  33.317
142367                     61337756461744936704  1  33.238
142368                     61521011728505533696  0  33.032
142369                     61229231429890765696  2  33.377
142370                     61255266022806430592  3  33.184
142371                     61356812217838264832  1  33.491
142372                     61354841936341253120  0  33.380
142373                     61255176767466629376  2  33.277
142374                     61539619010983388672  3  33.466
142375                     61536152993549501952  1  33.313
142376                     61336685692008702464  0  33.283
142377                     61324268393411082752  2  33.127
142378                     61315684451112722944  3  33.303
142379                     61493090207381249920  1  33.010
142380                     61320108292219298304  0  33.373
142381                     61314942662140352128  2  33.499
142382                     61226490619461182720  3  33.252
142383                     61230817314000693504  1  33.288
142384                     61230091376168600704  0  33.278
142385                     61228265203197499904  2  33.498
142386                     61612910076412459904  3  33.181
142387                     61509744812759337472  1  33.261
142388                     61520629440577923840  0  33.102
142389                     61675601465220851712  2  32.862
142390                     61294648677384733952  3  33.450
142391                     61514474077948908288  1  32.989
142392                     61413971936677771776  0  33.208
142393                     61316797859690047232  2  33.235
142394                     61416791158301630464  3  33.429
142395                     61367404461495287552  1  33.496
142396                     61280788595786214912  0  33.511
142397                     61366334058911337344  2  33.478
142398                     61355820865247352832  3  33.794
142399                     61244957440667559680  1  33.756
142400                     61268028406784318720  0  33.419
142401                     61380123375545892864  2  33.548
142402                     61369896810080489728  3  33.587
142403                     61259198074380631808  1  33.603
142404                     61632848404091980544  0  33.502
142405                     61564952791469501696  2  33.775
142406                     61362169506891267584  3  33.569
142407                     61367193394501282560  1  33.644
142408                     61137419078581805824  0  33.549
142409                     61134094660220558208  2  33.396
142410                     61237336484151921536  3  33.292
142411                     61326410343416373888  1  33.584
142412                     61264654418235243776  0  33.714
142413                     61143286782350018688  2  33.567
142414                     61138081075694188416  3  33.589
142415                     61242038669416747264  1  33.614
142416                     61140667945282672256  0  33.505
142417                     61147636123413415936  2  33.554
142418                     61326476658209466624  3  33.317
142419                     61238380927050082560  1  33.627
142420                     61147417309336786176  0  33.528
142421                     61335667232200541824  2  33.440
142422                     61234271555728749952  3  33.578
142423                     61140694593348978304  1  33.581
142424                     61232733946588836480  0  33.606
142425                     61141033151646068096  2  33.442
142426                     61233647212994667264  3  33.447
142427                     61151046073770375936  1  33.470
142428                     61276028202108980992  0  33.356
142429                     61385834573562696832  2  33.390
142430                     61563834724593783936  3  33.534
142431                     61343383393256238592  1  33.453
142432                     61335528000289123072  0  33.586
142433                     61367047238002350592  2  33.595
142434                     61565665408011688192  3  33.751
142435                     61238915135814014848  1  33.495
142436                     61469746207385913344  0  33.525
142437                     61372418417454299904  2  33.538
142438                     61239781936444462336  3  33.636
142439                     61333629360931863168  1  33.539
142440                     61128107038705913600  0  33.566
142441                     61213052180222181760  2  33.474
142442                     61213833716947341056  3  33.376
142443                     61245542097914203904  1  33.711
142444                     61127569605420917248  0  33.589
142445                     61348261701240583552  2  33.548
142446                     61221108211354509696  3  33.727
142447                     61107944965559214848  1  33.507
142448                     61321194292394444672  0  33.465
142449                     61255308926682225792  2  33.458
142450                     61142258300555777792  3  33.276
142451                     61230982751151219328  1  33.547
142452                     61325373109149905408  0  33.291
142453                     61246684141155164416  2  33.637
142454                     61132755202921019776  3  33.395
142455                     61221544996539415296  1  33.616
142456                     61253856765808089088  0  33.471
142457                     61345977627701110016  2  33.348
142458                     61227656995429481344  3  33.443
142459                     61142142865188576896  1  33.565
142460                     61147340724239745024  0  33.644
142461                     61265984105763163136  2  33.526
142462                     61387576152760743424  3  33.484
142463                     61335614387529374080  1  33.407
142464                     61406113293591821952  0  33.387
142465                     61328723021794125568  2  33.506
142466                     61220762345606940800  3  33.545
142467                     61241386489620693632  1  33.448
142468                     61352264430582024832  0  33.428
142469                     61249457380694189440  2  33.694
142470                     61460843566697842944  3  33.718
142471                     61345837314385091584  1  33.657
142472                     61383974461714010368  0  33.471
142473                     61627144448214104064  2  33.555
142474                     61238556079496280064  3  33.594
142475                     61137893212682949504  1  33.460
142476                     61343487296479097344  0  33.274
142477                     61220054450139009536  2  33.111
142478                     61126232247918843136  3  33.739
142479                     61235485638289482112  1  33.675
142480                     61321521348554586240  0  33.417
142481                     61259985442329126144  2  33.334
142482                     61345751386646686208  3  33.564
142483                     61240092990199145984  1  33.296
142484                     61214292788423232640  0  33.422
142485                     61131575978094181504  2  33.459
142486                     61145284661470205184  3  33.617
142487                     61261716312104974592  1  33.543
142488                     61357449684279801344  0  33.434
142489                     61425796711114183296  2  33.178
142490                     61344662058664601728  3  33.429
142491                     61445063557456351744  1  33.716
142492                     61342152410273126016  0  33.370
142493                     61243843564141180032  2  33.413
142494                     61263662314008764672  3  33.643
142495                     61126522333052516992  1  33.597
142496                     61133237249593564672  0  33.538
142497                     61127119923705016320  2  33.330
142498                     61426868398035133824  3  33.600
142499                     61235378117411320832  1  33.612
142500                     61243969340514106112  0  33.691
142501                     61142243550262618496  2  33.444
142502                     61143422557607963520  3  33.437
142503                     61327755989473297024  1  33.458
142504                     61333031405407368704  0  33.601
142505                     61136685747604980608  2  33.460
142506                     61233323342180072832  3  33.357
142507                     61221578332332260224  1  33.500
142508                     61141421577706498560  0  33.681
142509                     61243501142990819840  2  33.465
142510                     61231437835418718080  3  33.545
142511                     61231859273576399360  1  33.425
142512                     61149834770990450816  0  33.463
142513                     61229661765196424192  2  33.300
142514                     61370237731646639616  3  33.319
142515                     61343441116432094208  1  33.521
142516                     61237093244915670016  0  33.507
142517                     61137278574364130816  2  33.289
142518                     61242211381462686720  3  33.428
142519                     61255849301940079232  1  33.301
142520                     61265338889712268544  0  33.408
142521                     61247263604938769280  2  33.484
142522                     61131900573615833472  3  33.410
142523                     61234791614528328448  1  33.450
142524                     61224627448661785472  0  33.559
142525                     61240051020687042816  2  33.367
142526                     61326983925329247104  3  33.523
142527                     61564922174420363776  1  33.504
142528                     61453442457589218304  0  33.551
142529                     61568878702258501632  2  33.473
142530                     61443467137834076160  3  33.509
142531                     61139043025067535360  1  33.451
142532                     61354932812364444544  0  33.493
142533                     61234227295118399488  2  33.244
142534                     61254785912563579776  3  33.491
142535                     61254445975426406528  1  33.625
142536                     61130577330363464576  0  33.778
142537                     61346965388787684096  2  33.461
142538                     61150788681909783680  3  33.549
142539                     61150821591299079424  1  33.735
142540                     61356051540346286464  0  33.619
142541                     61149836215849813248  2  33.395
142542                     61240326637700773504  3  33.227
142543                     61224819283898242048  1  33.532
142544                     61370194635781111552  0  33.646
142545                     61248015992297372800  2  33.504
142546                     61331977031659359744  3  33.449
142547                     61369869761334261632  1  33.491
142548                     61239027209782204672  0  33.606
142549                     61156562950511027584  2  33.526
142550                     61144375216471565696  3  33.576
142551                     61260947170770874112  1  33.486
142552                     61354116263333538560  0  33.576
142553                     61237309267662200576  2  33.491
142554                     61363781695849695232  3  33.274
142555                     61241722353147149696  1  33.412
142556                     61314663818838415232  0  33.526
142557                     61358461856878969088  2  33.463
142558                     61125160622844429440  3  33.523
142559                     61141305550207954304  1  33.504
142560                     61254295814699101952  0  33.622
142561                     61244382660333636096  2  33.495
142562                     61240842843896447104  3  33.536
142563                     61339904737728862592  1  33.469
142564                     61236230119411411072  0  33.410
142565                     61219013511015532160  2  33.308
142566                     61308001811050571008  3  33.342
142567                     61236527384007353856  1  33.502
142568                     61230226716400175744  0  33.560
142569                     61120321731979736192  2  33.573
142570                     61253269375170859392  3  33.603
142571                     61138392883553172992  1  33.466
142572                     61233611357921871616  0  33.362
142573                     61138119422200711808  2  33.635
142574                     61237328139466452736  3  33.574
142575                     61238611626239779584  1  33.484
142576                     61143930264051862272  0  33.711
142577                     61152960401853106944  2  33.512
142578                     61260290449402075904  3  33.698
142579                     61243587815868978944  1  33.422
142580                     61318877054425822720  0  33.344
142581                     61565600508208690432  2  33.513
142582                     61454202782270016640  3  33.571
142583                     61451934682126355328  1  33.591
142584                     61533688630000299008  0  33.473
142585                     61549954606526456832  2  33.589
142586                     61324559991153127040  3  33.396
142587                     61241222286534358912  1  33.483
142588                     61247803482823149824  0  33.440
142589                     61248073027365418368  2  33.587
142590                     61228161636840578944  3  33.590
142591                     61351668983056498176  1  33.304
142592                     61308506541207628544  0  33.390
142593                     61244423713513130496  2  33.450
142594                     61236736628813161472  3  33.540
142595                     61223311027985846400  1  33.665
142596                     61125582268457730304  0  33.575
142597                     61456729358316387072  2  33.518
142598                     61334096376773498880  3  33.288
142599                     61260190883838674688  1  33.838
142600                     61138018129206150272  0  33.553
142601                     61136825346262199168  2  33.622
142602                     61138244401478825216  3  33.456
142603                     61247958498881427456  1  33.687
142604                     61339791279043202816  0  33.356
142605                     61322158254761614720  2  33.283
142606                     61247028354182974720  3  33.472
142607                     61237428094682639360  1  33.622
142608                     61249727976908507520  0  33.609
142609                     61125970110548522752  2  33.351
142610                     61512357752965859712  3  33.228
142611                     61227414983052264960  1  33.647
142612                     61509883520608909568  0  33.352
142613                     61224372196200874496  2  33.554
142614                     61321223468981035136  3  33.591
142615                     61271151529751516672  1  33.521
142616                     61260824340311762688  0  33.641
142617                     61281700943566390784  2  33.519
142618                     61364690829358968320  3  33.515
142619                     61235692566636996480  1  33.591
142620                     61250687911412951168  0  33.674
142621                     61345533089718244992  2  33.588
142622                     61236080763465892224  3  33.466
142623                     61240828349910913664  1  33.669
142624                     61236160917428386048  0  33.475
142625                     61444459886840525056  2  33.233
142626                     61267143356323700864  3  33.470
142627                     61250726118891655168  1  33.533
142628                     61349100560613439360  0  33.432
142629                     61257987322610546560  2  33.506
142630                     61244012534726249984  3  33.439
142631                     61265980007354540032  1  33.641
142632                     61149439220958987136  0  33.517
142633                     61232674121083337728  2  33.400
142634                     61130664371250098688  3  33.653
142635                     61263478248881980800  1  33.525
142636                     61348441896921341824  0  33.589
142637                     61134589169350320768  2  33.436
142638                     61234586083435917568  3  33.487
142639                     61129661432257373952  1  33.653
142640                     61142802845064970752  0  33.613
142641                     61250468609232352128  2  33.603
142642                     61240564762448904320  3  33.530
142643                     61250474333759627776  1  33.536
142644                     61142961555618529408  0  33.479
142645                     61225534886286558720  2  33.535
142646                     61142070705723737600  3  33.435
142647                     61137259781639069056  1  33.690
142648                     61229810339523219968  0  33.553
142649                     61243791941531896832  2  33.523
142650                     61122420190201019648  3  33.475
142651                     61336681407377498112  1  33.469
142652                     61257016768850068480  0  33.694
142653                     61468690963148637184  2  33.424
142654                     61242828422162472832  3  33.661
142655                     61263173476326807424  1  33.494
142656                     61140143286730590720  0  33.722
142657                     61342921889306622208  2  33.563
142658                     61117674560513592576  3  33.490
142659                     61380731081821691904  1  33.176
142660                     61305669054737090816  0  33.489
142661                     61307724641101558272  2  33.303
142662                     61412849695202792576  3  33.375
142663                     61306264348266196480  1  33.342
142664                     61422982061917348608  0  33.379
142665                     61385188793464059648  2  33.152
142666                     61424249890414003328  3  33.608
142667                     61309678331060226176  1  33.449
142668                     61308441076499043328  0  33.523
142669                     61290768192757237504  2  33.318
142670                     61203852756448492416  3  33.644
142671                     61203278423191200768  1  33.420
142672                     61334146666469827200  0  33.520
142673                     61333444655698699904  2  33.682
142674                     61216565247160619648  3  33.554
142675                     61302058144292934400  1  33.537
142676                     61285418603184701184  0  33.298
142677                     61197614897318858624  2  33.457
142678                     61402110416277009152  3  33.396
142679                     61305714123090177024  1  33.293
142680                     61203017894534227328  0  33.790
142681                     61293384183271292672  2  33.513
142682                     61206083650856713728  3  33.474
142683                     61202647263488292352  1  33.478
142684                     61425577469350806784  0  33.481
142685                     61330566060788141824  2  33.429
142686                     61328325995219499904  3  33.617
142687                     61313900097835631872  1  33.431
142688                     61295074826770460416  0  33.600
142689                     61408788350929854464  2  33.380
142690                     61394622786364822272  3  33.412
142691                     61367129817830574592  1  33.218
142692                     61482007694772402688  0  33.333
142693                     61199340884801960448  2  33.601
142694                     61199999996269081088  3  33.446
142695                     61299602578254931968  1  33.393
142696                     61382288509012229888  0  33.507
142697                     61368774365632520960  2  33.435
142698                     61387966890650971136  3  33.666
142699                     61477646518465730560  1  33.332
142700                     61388837103486623232  0  33.560
142701                     61198411756900510208  2  33.369
142702                     61197401923945784320  3  33.328
142703                     61220824857082184192  1  33.291
142704                     61215742760058957824  0  33.430
142705                     61213682814138160640  2  33.154
142706                     61221667130766411776  3  33.437
142707                     61199054831079155456  1  33.471
142708                     61219371358440081536  0  33.368
142709                     61332728446306654080  2  33.385
142710                     61333520798053324928  3  33.308
142711                     61325716070923404416  1  33.519
142712                     61329632933018594176  0  33.459
142713                     61215568594542539008  2  33.530
142714                     61097721133425148160  3  33.450
142715                     61105516854397981952  1  33.612
142716                     61211021229850059008  0  33.662
142717                     61103181281806048640  2  33.442
142718                     61218367136075760512  3  33.498
142719                     61327399609057552768  1  33.484
142720                     61318401206430691456  0  33.690
142721                     61224200585278811776  2  33.446
142722                     61116885638272669056  3  33.538
142723                     61208669446651295872  1  33.435
142724                     61216376151851964672  0  33.537
142725                     61204580341058444928  2  33.512
142726                     61224009989499675904  3  33.563
142727                     61112087684907907456  1  33.552
142728                     61115760866579067136  0  33.583
142729                     61204581066133868672  2  33.393
142730                     61239257189116886016  3  33.441
142731                     61213753565704134016  1  33.631
142732                     61105119840276811008  0  33.501
142733                     61200750692217272320  2  33.231
142734                     61094304185288778624  3  33.570
142735                     61293891263518360064  1  33.463
142736                     61101076571413830272  0  33.723
142737                     61218158853513119488  2  33.429
142738                     61108768909950508288  3  33.397
142739                     61321727141795174016  1  33.279
142740                     61209914025319704064  0  33.709
142741                     61190602117817304064  2  33.554
142742                     61312199437111070976  3  33.515
142743                     61103822469725106816  1  33.483
142744                     61327024110412887936  0  33.451
142745                     61324036776754785024  2  33.300
142746                     61213667802188866560  3  33.796
142747                     61213323347109203456  1  33.532
142748                     61206270738455823232  0  33.508
142749                     61425032535701728000  2  33.660
142750                     61218677352815361280  3  33.445
142751                     61215299245502832896  1  33.390
142752                     61107806036599771392  0  33.605
142753                     61119856449856840192  2  33.639
142754                     61120412466919561344  3  33.487
142755                     61108318426213464704  1  33.479
142756                     61101142984716241408  0  33.495
142757                     61220484619443541760  2  33.668
142758                     61221411003816578816  3  33.483
142759                     61314327093016623872  1  33.580
142760                     61218713575824051456  0  33.488
142761                     61126840136376612224  2  33.512
142762                     61213997059621564032  3  33.311
142763                     61119734736841209344  1  33.467
142764                     61230963889928500224  0  33.388
142765                     61220415086388298496  2  33.361
142766                     61108892435477320448  3  33.657
142767                     61236622944000350464  1  33.703
142768                     61117490298679781888  0  33.636
142769                     61118215584248320768  2  33.392
142770                     61212967858962966912  3  33.230
142771                     61211627449469231104  1  33.665
142772                     61212857596899402496  0  33.670
142773                     61118795032561007232  2  33.402
142774                     61106656020806123264  3  33.387
142775                     61104645996639901184  1  33.505
142776                     61345294170271454080  0  33.366
142777                     61415114086273966720  2  33.193
142778                     61117218702815975424  3  33.625
142779                     61205130511402176128  1  33.587
142780                     61212296362939857536  0  33.605
142781                     61337527358999762432  2  33.174
142782                     61232354136228363136  3  33.523
142783                     61218457346947012224  1  33.604
142784                     61121359103794460928  0  33.741
142785                     61121038420737156480  2  33.396
142786                     61220436136811701376  3  33.365
142787                     61430040309871745792  1  33.597
142788                     61220325428220941056  0  33.649
142789                     61096688755681188224  2  33.467
142790                     61220246959386123392  3  33.258
142791                     61109982298503288192  1  33.858
142792                     61309841454625377408  0  33.547
142793                     61099213124832754048  2  33.583
142794                     61225354262253357440  3  33.562
142795                     61111023629178331264  1  33.484
142796                     61209576988604172160  0  33.500
142797                     61227243889622698240  2  33.475
142798                     61126212969250873472  3  33.388
142799                     61105246810978826624  1  33.789
142800                     61216450187339572992  0  33.729
142801                     61098772385153889536  2  33.411
142802                     61112631704136630656  3  33.633
142803                     61226441315223646080  1  33.480
142804                     61221388502492816384  0  33.727
142805                     61203127157685331712  2  33.519
142806                     61100817419923809024  3  33.445
142807                     61106797904101630208  1  33.631
142808                     61120886592940783616  0  33.485
142809                     61314195046467835648  2  33.769
142810                     61207597623842441472  3  33.525
142811                     61214847606647704832  1  33.433
142812                     61333916386823128832  0  33.599
142813                     61218226163648403200  2  33.505
142814                     61218726543245248000  3  33.500
142815                     61199579676656513664  1  33.361
142816                     61116609513968999424  0  33.705
142817                     61110626787547242752  2  33.574
142818                     61200820427622130048  3  33.421
142819                     61244699073538712576  1  33.668
142820                     61123712053972807552  0  33.635
142821                     61108272051236441600  2  33.562
142822                     61235317451657356160  3  33.489
142823                     61233596836714585600  1  33.708
142824                     61111653660945564672  0  33.682
142825                     61213390752481410816  2  33.358
142826                     61219642139323027712  3  33.583
142827                     61105017757253871104  1  33.529
142828                     61113036554226567936  0  33.558
142829                     61204087821956081920  2  33.465
142830                     61204417781590806400  3  33.323
142831                     61232860974820528896  1  33.647
142832                     61323541727148911104  0  33.770
142833                     61110901369568842624  2  33.488
142834                     61117511628441464192  3  33.605
142835                     61097122409424033920  1  33.584
142836                     61237236885271495936  0  33.591
142837                     61232634186802820992  2  33.552
142838                     61225818568830891264  3  33.668
142839                     61114678992864277504  1  33.476
142840                     61109680217247875968  0  33.505
142841                     61225845767187416576  2  33.546
142842                     61117401274505478144  3  33.662
142843                     61099896806362997248  1  33.536
142844                     61236675420985657984  0  33.555
142845                     61327399604847118336  2  33.574
142846                     61217631643407087232  3  33.415
142847                     61210030850265302784  1  33.746
142848                     61238701712281737216  0  33.523
142849                     61119609924880001024  2  33.470
142850                     61209901934619449600  3  33.603
142851                     61217042607880274688  1  33.494
142852                     61110468398858940800  0  33.645
142853                     61102320003546879360  2  33.395
142854                     61308195164759293824  3  33.431
142855                     61112058328164940800  1  33.534
142856                     61114980493590109824  0  33.574
142857                     61115221130133115264  2  33.708
142858                     61208685477410814720  3  33.536
142859                     61088136989746620416  1  33.533
142860                     61208440285934985216  0  33.525
142861                     61276980354046769024  2  33.335
142862                     61397932646600756480  3  33.320
142863                     61288721068557478016  1  33.234
142864                     61104931979525772928  0  33.646
142865                     61218241565021906688  2  33.499
142866                     61103945379768784256  3  33.495
142867                     61114105016352687488  1  33.589
142868                     61221136883777850752  0  33.451
142869                     61223488562048074368  2  33.659
142870                     61207279050875657728  3  33.435
142871                     61102831334576515328  1  33.498
142872                     61111130751523633152  0  33.436
142873                     61117548315152823680  2  33.422
142874                     61193200065027039360  3  33.429
142875                     61195267201485522176  1  33.367
142876                     61200777113994375808  0  33.274
142877                     61315924778254910080  2  33.284
142878                     61212909902665085952  3  33.315
142879                     61230263527757551360  1  33.639
142880                     61215832421668864512  0  33.411
142881                     61327459776595226240  2  33.272
142882                     61540765131141785088  3  33.647
142883                     61177447804694036224  1  33.425
142884                     61287748943560941312  0  33.674
142885                     61180445831261253376  2  33.626
142886                     61299683638812811648  3  33.365
142887                     61190717796980206848  1  33.720
142888                     61305880322722174976  0  33.623
142889                     61323784526909438464  2  33.507
142890                     61167255682142134272  3  33.516
142891                     61193476337078379776  1  33.667
142892                     61292218593497294336  0  33.460
142893                     61283705572528613120  2  33.531
142894                     61306578422682458624  3  33.368
142895                     61184580569281175808  1  33.782
142896                     61180356932294509056  0  33.422
142897                     61272425986325547520  2  33.446
142898                     61487138993439257088  3  33.379
142899                     61294670094433758720  1  33.623
142900                     61311065489448915456  0  33.497
142901                     61264828424891069440  2  33.518
142902                     61281223368110563328  3  33.380
142903                     61113790473061873664  1  33.685
142904                     61008792663134136832  0  33.570
142905                     60997441052954412800  2  33.480
142906                     61324092807604785152  3  33.254
142907                     61117910040837618176  1  33.481
142908                     61105681999102515200  0  33.623
142909                     61125807875201837184  2  33.594
142910                     61114506985888543232  3  33.313
142911                     61112980701352804608  1  33.633
142912                     61012522192388636800  0  33.590
142913                     61007075759235258880  2  33.489
142914                     61336561278127419392  3  33.474
142915                     61002251820710703616  1  33.662
142916                     60991456783696620288  0  33.565
142917                     61122967308839833600  2  33.377
142918                     61116964747375050496  3  33.789
142919                     61011321347609601024  1  33.429
142920                     61110347525942640896  0  33.659
142921                     61127657997163244544  2  33.646
142922                     61321361473904145408  3  33.600
142923                     61123176603427311616  1  33.603
142924                     61122692817397786112  0  33.554
142925                     61014262727989043840  2  33.495
142926                     61014743432962217472  3  33.384
142927                     61012076393024130944  1  33.724
142928                     60993330118991691776  0  33.683
142929                     61006385545286330368  2  33.483
142930                     61348264482589270528  3  33.373
142931                     61331066320423773696  1  33.672
142932                     61121754030389773056  0  33.797
142933                     61129189044833986432  2  33.407
142934                     61144725015921553664  3  33.460
142935                     61022074327001896192  1  33.690
142936                     61023822120272549888  0  33.586
142937                     61034158011262913664  2  33.450
142938                     61132172203113654912  3  33.464
142939                     61358910073851734784  1  33.574
142940                     61355943795332603648  0  33.704
142941                     61108423437679316096  2  33.591
142942                     61001318531545534592  3  33.547
142943                     61012573244217872256  1  33.662
142944                     61133233620653719168  0  33.756
142945                     61130169830194227456  2  33.532
142946                     61116856766872538112  3  33.457
142947                     61001349048571565696  1  33.657
142948                     61114960358120394880  0  33.791
142949                     61021234851913328768  2  33.408
142950                     61115842304790070528  3  33.561
142951                     61009525122401024128  1  33.611
142952                     61021240769420966400  0  33.573
142953                     61023062296953331200  2  33.544
142954                     61018644976016708096  3  33.532
142955                     61015570777711646720  1  33.510
142956                     61031178574258947584  0  33.561
142957                     61136538010531044224  2  33.709
142958                     61024444278626691200  3  33.521
142959                     61021112497085302272  1  33.566
142960                     61020034946075405952  0  33.749
142961                     61122687234648599040  2  33.415
142962                     61021437532151200384  3  33.388
142963                     61103147780559592960  1  33.623
142964                     61123672993176922368  0  33.604
142965                     61340537870916675328  2  33.455
142966                     61026371244528898688  3  33.692
142967                     61023023977800042240  1  33.616
142968                     61020078347594519552  0  33.724
142969                     61021602284668369664  2  33.411
142970                     61024175664952860160  3  33.712
142971                     61031914858655948032  1  33.556
142972                     61033521252413141504  0  33.642
142973                     61029837395538992896  2  33.419
142974                     61124570497586290304  3  33.671
142975                     61121837251137540608  1  33.791
142976                     61134092271685348864  0  33.604
142977                     61015684049888082560  2  33.518
142978                     61002898181946644736  3  33.919
142979                     61012897399218615680  1  33.811
142980                     61118589484428741632  0  33.597
142981                     61016008432521726464  2  33.495
142982                     61117852342259047424  3  33.290
142983                     61019489154168010240  1  33.825
142984                     61356006580409686528  0  34.386
142985                     61019734148443890688  2  34.198
142986                     61128136876446644992  3  33.699
142987                     61028969519793754624  1  33.483
142988                     61121199596944776704  0  33.781
142989                     61110420212155823872  2  33.589
142990                     61020061904002658304  3  33.700
142991                     61000856375107912192  1  33.541
142992                     61012064170931405824  0  33.754
142993                     61122690854992384768  2  33.594
142994                     61369345804767159808  3  33.518
142995                     61130338122655292416  1  33.599
142996                     61339061885219858176  0  33.734
142997                     61113895444784212224  2  33.558
142998                     60999717737675841536  3  33.548
142999                     61342372672813925376  1  33.423
143000                     60999611179902722816  0  33.920
143001                     61006644562664950272  2  33.527
143002                     61016952649240915456  3  33.434
143003                     60998141526763915264  1  31.286
143004                     61108472100192153856  0  26.989
143005                     61324790331943976960  2  24.523
