     0                     71040502078290395136  0  21.312
     1                     68691739960681758720  1  22.663
     2                     68008787827623788544  2  22.756
     4                     67639135423971409920  4  23.111
     3                     66924402789626929152  3  23.263
     7                     65917352926046453760  5  23.265
     5                     66609166771746127872  7  23.313
     6                     66686849935128821760  6  23.617
     8                     65537123820136488960  0  24.126
     9                     68052236830140727296  1  24.150
    10                     67399524326557384704  2  24.080
    11                     67203017214391812096  4  24.068
    14                     66668354338936393728  7  23.910
    12                     67008389958741393408  3  23.992
    13                     66803403272570142720  5  24.404
    15                     66154532680352931840  6  24.700
    16                     65626423827187912704  0  24.416
    17                     66294729862099070976  1  24.341
    20                     65973688976696979456  7  24.226
    19                     65537694228378175488  4  24.387
    21                     65446461121036081152  3  24.358
    18                     65637574977733275648  2  24.885
    22                     65665309074284961792  5  24.898
    23                     65348139141636980736  6  24.652
    24                     65353204632325005312  0  24.944
    25                     66103587934723620864  1  24.364
    26                     65692636736498663424  7  24.160
    27                     65256556707506503680  4  24.196
    28                     65245201551696359424  3  24.157
    29                     65296236587689558016  2  25.146
    30                     65304700360390893568  5  24.997
    31                     65029371726275674112  6  25.125
    32                     65337262409987170304  0  24.937
    36                     66841334666075418624  3  24.076
    35                     65384085331789463552  4  24.332
    34                     64606011478024720384  7  24.529
    33                     64818789371349966848  1  25.133
    37                     66544335467743223808  2  24.501
    38                     65493433705259851776  5  24.820
    39                     65414265879778775040  6  24.930
    41                     65800906290419539968  3  24.009
    43                     66017529212390203392  7  24.011
    42                     65494196198952886272  4  24.082
    40                     65323382973863854080  0  24.693
    44                     65305872269701742592  1  24.918
    45                     65402867941495590912  2  24.742
    46                     65255123392953262080  5  24.940
    47                     65060129377564766208  6  24.923
    48                     64893486195099881472  3  24.403
    49                     65104828642390769664  7  24.369
    50                     64469476562870179840  4  24.506
    51                     65092669977427099648  0  25.110
    52                     64849117109269286912  1  25.019
    53                     64562623890128871424  2  25.227
    54                     64860857942301671424  5  25.233
    55                     64349200352945178624  6  25.018
    56                     64670920599404044288  3  25.025
    57                     64621352957897801728  7  24.851
    58                     64218961567707881472  4  24.917
    59                     64244500223101837312  0  24.893
    60                     64650788288279388160  1  25.065
    61                     64242141523626842112  2  25.105
    62                     67254206453815246848  5  24.097
    63                     66628027511957225472  6  24.248
    64                     66413621404748218368  3  23.773
    65                     66440511338444144640  7  24.087
    66                     65213074009505832960  4  24.143
    67                     65115158565225136128  0  24.348
    68                     65539182163643559936  1  24.460
    69                     65537561470028316672  2  24.601
    70                     65031668021582610432  5  24.740
    71                     65247352704575238144  6  24.738
    72                     64933800743439777792  3  24.305
    73                     65116544484421920768  7  24.283
    74                     65425069111849095168  4  24.288
    75                     65633387870579724288  0  24.890
    76                     65032581923706771456  1  24.565
    78                     65678085108157677568  5  24.328
    77                     64943058999955881984  2  24.939
    79                     64856221915772796928  6  24.751
    80                     64594970064245293056  3  24.177
    81                     65326876923502428160  7  24.216
    82                     64391324647202324480  4  24.393
    83                     64949467224850432000  0  24.574
    84                     64882551087530434560  1  24.848
    85                     64803991295347695616  5  24.821
    86                     64921221885425065984  2  25.054
    87                     64181934438439923712  6  25.055
    88                     65433502637610565632  3  24.246
    89                     64854955759868461056  7  24.431
    90                     64642615744766103552  4  24.501
    91                     64473389889478219776  0  24.666
    92                     64480792596327292928  1  24.538
    93                     64063179934674378752  5  24.789
    94                     64710121947537768448  2  24.896
    95                     64062195424027125760  6  25.080
    96                     64649329972711849984  3  24.564
    97                     64768640730697211904  7  24.596
    98                     64841525462475079680  4  24.668
    99                     64439750798544228352  0  25.757
   100                     64150890907457554432  1  25.840
   101                     63943642845551026176  5  25.793
   102                     64468974772987838464  2  25.724
   103                     63943163415586600960  6  25.994
   104                     64242005455846359040  3  24.922
   105                     64226430347730550784  7  24.719
   106                     63826900310059126784  4  24.744
   107                     64233977093699575808  0  25.587
   108                     63827310999868870656  1  25.589
   109                     65858180249427001344  5  25.423
   110                     65143115018975748096  2  25.119
   111                     65519460224474812416  6  25.181
   112                     65152763839724445696  3  24.457
   113                     64906430798512926720  7  24.282
   114                     65325356128630689792  4  24.268
   115                     64963178044609628160  0  24.733
   116                     64917201364418396160  1  25.139
   117                     64722408513583448064  5  24.781
   118                     64723949232673843200  2  25.066
   119                     64585061478198521856  6  24.991
   120                     65207963058496069632  1  24.690
   125                     64589200670415843328  5  24.718
   127                     64277332278227755008  6  24.720
   126                     64274327859697541120  2  24.807
   123                     64892700849805393920  3  24.909
   122                     64474541674725556224  7  24.981
   121                     64597577042643615744  0  25.037
   124                     64392255765212413952  4  25.161
   130                     64945923265808833536  6  24.918
   128                     64570495376875041792  1  25.111
   129                     64743559903092178944  5  25.121
   133                     64867665666919707648  7  24.857
   131                     64449694420648571904  2  25.145
   132                     64408873639495157760  3  25.049
   134                     64365677705269054464  0  24.922
   135                     64573885830212474880  4  24.927
   139                     64240962883024192512  7  24.669
   136                     64319998186146671616  6  24.992
   141                     64457569658150990848  3  24.676
   143                     64652918018621604864  4  24.601
   140                     64852868670256972800  2  25.059
   138                     64238621600763383808  5  25.275
   137                     64238782601397132288  1  25.344
   142                     64194354944435476480  0  25.424
   144                     64253827420561302528  7  24.203
   146                     64211357145814397952  3  24.159
   147                     64008258841374024704  4  24.133
   145                     64226689859358330880  6  25.341
   149                     64255512577763759104  5  24.927
   148                     64008713972235208704  2  25.086
   150                     64319932204983284736  1  25.290
   151                     64559622386975563776  0  25.238
   152                     64221689173103340544  7  24.795
   154                     64413518339031995392  4  24.806
   153                     64219297739093825536  3  24.914
   156                     64144231681084108800  5  24.824
   155                     63905431022451002368  6  24.946
   157                     63804198513980194816  2  24.946
   159                     64297518147814407168  0  24.770
   158                     63804694295378072576  1  25.029
   160                     64223914175284710912  7  24.238
   161                     64003727990858678784  4  24.402
   162                     63795942127371798016  3  24.405
   163                     63573848145557566976  5  24.981
   165                     64197107521964310528  2  25.106
   164                     64306306668690064384  6  25.661
   166                     64192229648209164288  0  25.216
   167                     64217068917261834240  1  25.249
   168                     63980486593019092992  7  24.518
   169                     64212307581092116480  4  24.448
   170                     63988900311914731520  3  24.464
   171                     64255508087135858688  5  24.429
   172                     63773679581462796288  2  25.426
   174                     63548682231082063872  0  25.330
   173                     63778912356698171392  6  25.418
   175                     63789677965804070912  1  25.373
   176                     64035817225520091136  7  24.942
   177                     64272627882344484864  4  24.859
   178                     64295358888011962368  3  24.806
   179                     64179410381559160832  5  24.913
   180                     64191915787013478400  2  25.084
   182                     63865014336267126784  6  24.935
   181                     64341197735436898304  0  25.013
   183                     63756537916712368128  1  25.227
   185                     64354822365339543552  4  24.066
   186                     64381503942057323520  3  24.080
   184                     64241902293808054272  7  24.315
   187                     64383631313527269376  5  25.167
   188                     64163120923356550144  2  25.148
   190                     64190136818829380608  0  24.902
   189                     64183303650897922048  6  25.213
   191                     63966945083270343680  1  25.149
   193                     64459667876677804032  3  24.719
   192                     64205162372026165248  4  24.911
   194                     64364536579699765248  7  24.890
   195                     64277468061492609024  5  25.006
   196                     64175063271978688512  2  25.046
   197                     65023177539786725376  0  25.062
   198                     65074312930501416960  6  24.868
   199                     64469138473549682688  1  25.219
   200                     64794017218954045440  3  24.788
   201                     64297999401210796032  4  24.825
   202                     64166941016125145088  7  24.878
   203                     64872744593576404992  5  25.281
   204                     64039199036312401920  2  25.153
   206                     63851221550885474304  6  25.052
   205                     64472958135414261760  0  25.162
   207                     63833149380257722368  1  24.962
   208                     64501618510659962880  3  24.641
   209                     64851183156946176000  4  24.595
   210                     64181966677190334464  7  24.753
   211                     64290709810108950528  5  25.261
   212                     63761688485072982016  2  24.901
   214                     64297678620781412352  0  25.049
   213                     63873282496804710400  6  25.527
   215                     63860187854621272064  1  25.138
   217                     64164344910706498560  4  24.689
   216                     63428329490435320832  3  24.816
   218                     64293884599609565184  7  24.680
   219                     63960658992205702144  5  24.867
   220                     63854462559793461248  2  25.267
   221                     63891098622400330752  0  25.363
   222                     63528413586680668160  6  25.118
   223                     63412553657415982080  1  25.357
   225                     63752560011047024640  3  24.667
   224                     63404245440120560640  4  24.720
   226                     63871997061686320128  7  24.542
   227                     64163401592862005760  5  25.244
   228                     63838358381156302336  2  25.158
   229                     63394278390093304320  0  25.059
   230                     63507273643105217024  6  25.240
   231                     63973031021720767488  1  25.075
   232                     64510751127366767616  3  24.419
   233                     64059907578669473792  4  24.560
   234                     63964319881308018688  7  24.666
   235                     63847875953753059328  5  25.288
   237                     64194774532793612288  0  24.959
   236                     63848715999296754688  2  25.317
   238                     64378836985807905792  6  25.418
   239                     64040455570456034304  1  25.841
   240                     63829029922315077632  3  24.918
   241                     63948673216884152320  4  24.766
   242                     63803371929314281472  7  24.855
   243                     63927383954977596416  5  24.912
   244                     63813024010465342464  0  25.267
   245                     63930624531548313600  2  25.214
   246                     64661640055832008704  6  25.175
   247                     64441339239072663552  1  25.349
   248                     64105913299422699520  3  24.588
   249                     64111913206100254720  4  24.609
   250                     63625366282140016640  7  24.825
   251                     63848466350116698112  5  25.162
   252                     63522824157930886144  0  25.488
   253                     63509229378125728768  2  25.527
   254                     63529979531088157696  6  25.504
   255                     63306175091057464320  1  25.748
   256                     63525483446585965568  3  24.985
   257                     63527224907105807360  4  24.934
   258                     63293248903799258112  7  25.025
   259                     63282461129983419392  5  25.617
   260                     63508808759409656832  0  25.501
   261                     63638352786329184256  2  25.651
   262                     63518092970868324352  6  25.569
   263                     63514486022580583424  1  25.358
   265                     63276548863080559104  4  24.604
   264                     63512760308360948224  3  24.620
   266                     63510281651207085568  7  24.544
   267                     63734860429372189696  5  25.716
   268                     63626291730339287040  0  25.131
   269                     63501919366724702208  2  25.487
   270                     63741431064165187584  6  25.596
   271                     63627828826574839808  1  25.548
   273                     63487691562133129216  3  24.822
   272                     63479106685567995904  4  24.872
   274                     63727242178714646528  7  24.837
   275                     63730092338103308288  5  25.397
   276                     64187061119857121280  0  25.220
   277                     63927892167157256192  2  25.708
   278                     64173135307689136128  6  25.791
   279                     63164870172377039872  1  25.745
   280                     63145496145166477312  3  24.991
   281                     63173277707607398400  4  25.061
   282                     63274481679071415296  7  25.124
   283                     63175781941767377920  5  25.321
   284                     63397596176015634432  0  25.403
   285                     63184210372331924480  2  25.402
   286                     63523836259127881728  6  25.408
   287                     63188803168019337728  1  25.618
   288                     63285513828475021824  3  25.092
   289                     63405968463246920192  4  25.027
   290                     63523965133513835520  7  25.024
   291                     63192265976495784448  5  25.538
   292                     63189061508898707200  0  25.407
   293                     63290429421327937536  2  25.450
   294                     63173086673416229120  6  25.496
   295                     63407301936441465856  1  25.367
   298                     66757305408197640192  7  24.406
   297                     63513823453170290688  4  25.043
   296                     63160895004458579456  3  25.148
   299                     66015750083612147712  5  25.002
   300                     65142111463298396160  0  25.362
   301                     65392854860376748032  2  25.059
   302                     65421987457491320832  6  24.832
   303                     64678016770373738496  1  25.194
   304                     64805695963356385280  7  24.358
   306                     64625173507212801024  3  24.330
   305                     64654880486937274368  4  24.406
   307                     64769504057661527040  5  24.949
   308                     65001842277792000000  0  24.938
   309                     64951226243775201280  2  25.116
   310                     64422653903745832960  6  24.984
   311                     64272827800610745344  1  25.111
   312                     64305012812616344576  7  24.445
   314                     64777233938681275392  4  24.363
   313                     64654801258315913216  3  24.410
   315                     64716837964427299840  5  25.424
   316                     64748696205728913408  0  25.354
   317                     64359809719053845504  2  25.595
   318                     64248619869263930368  6  25.420
   319                     65146681893608818688  1  24.717
   320                     64624264363941356544  7  24.214
   321                     64454618554342401024  4  24.263
   322                     64455443139057702912  3  24.245
   323                     63867392498797369344  5  25.308
   324                     64651422731588352000  0  25.055
   325                     64561865087975276544  2  24.592
   326                     64713091683436390400  6  25.408
   327                     64409218925431975936  1  25.379
   330                     64202389013433880576  3  24.476
   328                     64216712118259132416  7  24.572
   329                     63988229337615409152  4  24.529
   331                     64216209485841328128  5  25.496
   332                     64700079036150663168  0  24.891
   333                     64503807536921001984  2  25.232
   334                     64652717508215588864  6  25.461
   335                     64243729113874173952  1  25.463
   336                     64258852878780950528  3  24.569
   338                     63927230726144365568  4  24.664
   337                     63820842297074373632  7  24.702
   339                     65297642454861834240  5  24.886
   340                     65409750703580018688  0  24.796
   341                     65282996024929953792  2  24.968
   342                     65363674959310878720  6  24.952
   343                     64059836491264882688  1  25.426
   344                     63919947904923566080  3  24.826
   345                     63614992266127565824  4  24.798
   346                     63949724358153632768  7  24.857
   347                     63703956593928139776  5  25.295
   348                     63904887510667081728  0  25.166
   349                     63611555868297701376  2  25.628
   350                     63979971054536074240  6  25.494
   351                     63748095848535007232  1  25.586
   354                     65491361043703504896  7  24.670
   352                     64327506618402566144  3  24.896
   353                     63625735349046016000  4  25.038
   355                     64793251736723410944  5  25.175
   356                     64739429857953828864  0  25.309
   357                     64544164085457444864  2  25.451
   358                     64789577170557628416  6  25.627
   359                     64553551117075034112  1  25.065
   361                     64200252770674388992  3  24.281
   360                     64749171573560483840  7  24.335
   362                     64386716494360088576  4  24.312
   363                     64070342453619433472  5  25.033
   364                     64194916757399384064  0  25.296
   365                     64084784523883227136  2  25.174
   366                     64714589874262327296  6  25.027
   367                     64376295149962106880  1  25.130
   368                     64111591941864775680  3  24.502
   369                     64035479569686368256  7  24.542
   370                     64161063326367390720  4  24.746
   371                     64038508319210783232  5  25.079
   372                     64476636375113793536  0  25.165
   373                     64022917172572063744  2  24.937
   374                     63993408302892638208  6  25.226
   375                     64039448128363483136  1  24.775
   377                     63802895844127439360  7  24.617
   376                     64045087711828179968  3  24.690
   378                     64182974799521850368  4  24.511
   379                     64020663810791712768  5  24.930
   380                     64002342000834781184  0  25.711
   381                     64813093325377486848  2  25.820
   382                     63707556798669639680  6  26.065
   383                     63942825560140613632  1  25.927
   384                     64090236490639503360  7  24.630
   385                     64053958303377142784  3  24.850
   386                     64366717833731373056  4  24.766
   387                     64110042862537781248  5  25.777
   388                     64227125648896789504  0  25.107
   389                     63609275560698035712  2  25.749
   390                     63776275839895489536  6  25.379
   391                     64555393958595493888  1  25.643
   392                     63579438153096410112  7  24.733
   393                     64063883052559618048  3  24.627
   394                     64045927326776734720  4  24.778
   395                     64006689674445609984  5  25.290
   396                     64088412387314789376  0  25.564
   397                     63363708870931161600  2  25.696
   398                     64699515812052498432  6  25.167
   399                     64279038877011013632  1  25.049
   400                     64142073994705532928  7  24.491
   401                     64003796147222071296  3  24.512
   402                     64141632085247963136  4  24.720
   403                     64007274325547927040  5  25.013
   404                     64106423063231084544  0  25.274
   405                     64037161373781037056  2  25.228
   406                     63673477720957745152  6  25.279
   407                     63642475520365520896  1  25.194
   408                     63670887753869719552  7  24.751
   409                     63651716779655466496  3  24.670
   410                     64414409137644640256  4  24.564
   411                     64056587680190305280  5  25.082
   412                     64009390455998831616  0  25.087
   413                     64101523457538975744  2  24.972
   414                     64471920997972621312  6  25.193
   415                     63916793959015759872  1  25.321
   416                     64265419913452402688  7  25.164
   417                     63598433811349817344  3  25.170
   418                     63703750246557128704  4  25.130
   419                     64166150231266676736  5  25.271
   420                     64051768661310492672  0  25.493
   421                     64133886045909447680  2  25.205
   422                     64131707514795944960  6  25.338
   423                     64001035512836636672  1  25.217
   424                     64102857106544020992  7  24.713
   425                     63596578274496096768  3  24.787
   426                     63711489088776454144  4  24.689
   427                     63811731441124602880  5  25.269
   428                     63648549144209462784  0  25.387
   429                     64101825401786447872  2  25.236
   430                     63666820233147534336  6  25.464
   431                     63230390648928915456  1  25.251
   432                     64018497724078014464  7  24.695
   433                     63801147292024819712  3  24.869
   434                     64004224585578423296  4  24.812
   435                     63659544145051506176  5  24.996
   436                     63846690637356075520  0  25.873
   437                     63234676614381061888  2  25.648
   440                     63642311269786726400  7  24.390
   438                     63655079182858493952  6  25.315
   439                     63764797403427548160  1  25.442
   441                     64179398716037779456  3  24.516
   442                     63544682601557803008  4  24.615
   443                     63654653315385714688  5  25.288
   444                     63217367429761826816  0  24.932
   445                     63561983393386426368  2  25.412
   446                     63672661737185601536  7  24.644
   449                     63645007540528023552  3  24.773
   447                     63623294950357325824  6  25.461
   450                     63712437948628389376  4  24.801
   448                     63997942599538146304  1  25.497
   451                     63340375078187186176  5  25.393
   452                     63222590418119926272  0  25.588
   453                     63615710715467147776  2  25.048
   454                     64030493737921212416  7  24.986
   455                     63511885201913455616  3  25.059
   457                     63738833819137751040  4  24.990
   456                     63301707137899739136  6  25.246
   458                     63707517518450333696  1  25.326
   459                     63739992978089726464  5  25.137
   460                     63671274012375661056  0  25.000
   461                     63191116020927078144  2  25.040
   462                     64013670510042509312  7  25.030
   463                     64129264165553648640  3  24.994
   464                     63650839674264200192  4  24.983
   465                     63975523035212525568  6  25.163
   466                     63775400269030041600  1  25.150
   467                     63668061859183040512  5  25.361
   468                     63975990078590674944  0  25.153
   470                     63622420556260950016  7  24.731
   469                     63712589363413751808  2  25.006
   471                     64051709831247677440  3  24.494
   472                     63997626209782816768  4  24.516
   473                     63981998395228723200  6  25.317
   474                     63965494807907270656  1  25.205
   475                     64067595130735202304  5  25.164
   476                     63557299001005101056  0  25.234
   477                     63540276643548852224  7  24.840
   478                     63539085187508977664  2  25.117
   479                     63996407097666818048  3  24.826
   480                     63955762523140669440  4  24.701
   482                     63738713450926141440  1  25.373
   481                     64008623559901874176  6  25.575
   483                     63993985552054212608  5  25.732
   484                     63761070249093771264  0  25.613
   485                     63800744210936644608  7  24.793
   488                     63713002729929178112  4  24.532
   487                     63328971699415370752  3  24.855
   486                     63560056343047057408  2  24.971
   490                     63281844511387590656  6  25.393
   489                     63802078967644123136  1  25.452
   491                     63505339461239642112  5  25.510
   493                     64081764739474417664  7  24.672
   494                     63584317386526769152  4  24.664
   495                     63617870742712042496  3  24.697
   492                     63903223335239188480  0  25.407
   496                     63641460472545346560  2  25.367
   498                     64027184310957527040  1  25.029
   497                     63180130515976364544  6  25.371
   499                     64411670305578782720  5  25.092
   500                     63996419410911170560  7  24.733
   501                     63744750214730780672  4  24.595
   502                     63916410313719558144  3  24.540
   503                     63611121128516734976  0  25.206
   504                     63918755702389465088  2  25.100
   505                     63866781333599756288  1  25.234
   506                     63668332658971230208  6  25.029
   508                     64155686223264832512  7  24.218
   509                     64337062063144083456  4  24.198
   507                     64702945299756380160  5  25.409
   510                     64002523690294364160  3  24.218
   511                     64034659920104060928  0  25.159
   512                     64004648844921091584  2  25.642
   514                     64488368837450960896  6  24.830
   513                     64079430148023355392  1  25.560
   515                     64060616231746118656  7  24.258
   516                     64019467664612685824  4  24.239
   518                     64063599654504440832  3  24.396
   517                     63800284589761325056  5  25.497
   519                     63803455983572212224  0  25.439
   520                     63999020476120860672  2  25.312
   521                     64294525028073938944  6  25.672
   522                     63726059261181133824  1  25.502
   523                     63441267117862148096  7  25.035
   524                     63655061448259725312  4  25.015
   525                     63343056723383015424  3  24.986
   526                     63318675377759950848  5  25.684
   527                     63720214770895391744  0  25.995
   528                     63599368549214214144  2  26.102
   529                     63347276016155944448  6  25.988
   530                     63327537725552969216  1  25.598
   531                     63681426825791352832  7  24.945
   532                     63422694837856034816  4  24.920
   533                     64062537832142209024  3  24.777
   534                     63615092147083310080  5  25.463
   535                     63329137806669093888  0  25.735
   536                     63108138561460664320  2  25.409
   538                     63606627720060865536  1  25.318
   537                     63603231616437400576  6  25.722
   539                     63118393110107377152  7  24.701
   541                     63569600712505796608  3  24.564
   540                     63333173963636224000  4  24.680
   542                     63326472286370799616  5  25.320
   543                     63319341939558268928  0  25.959
   544                     63091238083608320000  2  25.724
   546                     63609237686879008768  6  25.504
   545                     63308182710269130752  1  25.884
   547                     63339971319564335104  7  24.864
   548                     63345835179976189952  3  24.914
   549                     63100674732098563072  4  24.895
   550                     63316588529452550144  5  25.836
   551                     63295991182990579712  0  25.790
   552                     63680545928380817408  2  25.328
   553                     63433512878450586624  6  25.475
   554                     63314120642402891776  1  25.713
   555                     63949460731141720064  7  25.274
   556                     63564821958915478528  3  25.258
   557                     63334683184460911104  4  25.216
   558                     63426610730060683264  5  25.357
   560                     63303184295653239808  2  25.307
   559                     63306279752942571520  0  25.359
   561                     63305006357911579648  6  25.398
   562                     63503693833498023936  1  25.294
   563                     63316139542049252352  7  25.162
   565                     63541991436866029568  4  25.087
   564                     63079971868434790400  3  25.105
   566                     63511034632088997888  5  25.696
   568                     63504989590744854528  0  25.495
   567                     63408761440187508736  2  25.662
   569                     63299977993802504192  6  25.248
   570                     63636387799420280832  1  25.726
   571                     63228221938831556608  7  24.343
   573                     62975853636824420352  3  24.426
   572                     63105182357225476096  4  24.570
   574                     62967091455473954816  5  25.943
   575                     63291777676620353536  0  25.558
   576                     63374044588445817344  2  25.837
   577                     63225741451541974528  6  25.995
   578                     63108671849432613888  1  25.487
   579                     62984810123003678720  7  25.108
   580                     63196780984911300096  3  25.080
   581                     63332044104033507328  4  25.113
   582                     62975925314180913152  5  25.522
   583                     62977238459898485248  0  25.611
   584                     63076208439683405312  2  25.417
   586                     63080976227783495680  1  25.198
   585                     62978869484782768128  6  25.408
   587                     63597380109626952192  7  24.767
   588                     63219102505668922880  3  24.787
   589                     62988953423510390784  4  24.820
   590                     63310838922972822016  5  25.813
   591                     63098777288693535232  0  25.708
   592                     62976196579579724288  2  25.826
   594                     63505535590460674048  6  25.104
   593                     63199624448993336832  1  25.886
   595                     63097329742896766976  7  24.946
   596                     62984251265242169088  3  24.848
   597                     63321454972857030656  4  24.905
   598                     62974647264194356480  5  25.810
   599                     63219729404302696960  0  25.327
   600                     63309288524896561664  2  25.498
   601                     63291020566513812480  6  25.510
   602                     62974728708709835264  1  25.857
   604                     63204854911934224896  7  24.616
   603                     63084803593007520256  3  24.723
   605                     63658588250931100672  4  24.684
   606                     63330588765875618304  5  25.796
   607                     62989905707620991232  0  25.714
   608                     63077861915820680704  2  25.835
   609                     62963007929384120064  6  25.670
   610                     63331233124824932352  1  25.574
   611                     63196837645198189568  7  25.017
   612                     64077932429806325760  3  24.968
   613                     63423852411634504704  4  25.062
   614                     63288482890677661696  5  25.628
   615                     63531608303567959040  0  25.360
   616                     63637922017542988800  2  25.349
   617                     63442111766876561408  6  25.616
   618                     62987896837581470208  1  25.335
   619                     62965893053274515456  7  25.218
   620                     62970794440058734080  3  25.177
   621                     63219731378341653504  4  25.205
   622                     63205118470932241408  5  25.557
   623                     63945248024593474560  0  25.423
   624                     63309952014676155392  2  25.704
   625                     63066059148443016192  6  25.760
   626                     63310418909202623488  1  25.265
   628                     63562688498243287040  3  24.121
   627                     63547099250688598016  7  24.137
   629                     63564818620028898304  4  24.515
   630                     63337677527906912256  5  25.405
   631                     63683882324309824512  0  25.609
   632                     63578270439102492160  2  25.238
   633                     63268784229151420416  6  25.475
   634                     63295126687397401600  1  25.325
   636                     63070971532752104960  7  25.521
   635                     63287763720613825536  3  25.548
   637                     63399368670203942912  4  25.423
   638                     63295887039973988352  5  25.470
   639                     63628448240327921664  0  25.308
   640                     63422938502016994304  2  25.410
   642                     63303804068210250240  1  25.356
   641                     63294017678222058496  6  25.412
   643                     63999205912836229120  7  25.090
   644                     63762603301213573120  3  25.122
   645                     64217654435167174656  4  24.984
   646                     64028050080221544448  5  25.400
   647                     63471903159264108544  0  25.585
   648                     63315231084581213184  2  25.038
   650                     62969599990243435520  6  25.511
   649                     62993301199732122112  1  25.570
   651                     63099216783671293440  7  24.773
   652                     62979296414932373504  3  24.719
   653                     63089846933309120512  4  24.702
   654                     63446255613263226880  5  25.077
   656                     63324348845770317824  2  25.396
   655                     63322485151122622464  0  25.809
   657                     63186333421472412672  6  25.664
   658                     63307061738636512256  1  25.718
   660                     63560197480348385280  3  24.777
   659                     63668561139955453952  7  24.862
   661                     63589663703832545280  4  24.895
   662                     63360539870365833216  5  25.006
   663                     65700894891549048832  2  25.252
   664                     64369660131189227520  0  25.346
   665                     64632637346056552448  6  25.310
   666                     64922081103545221120  1  25.620
   668                     63762775307890503680  7  24.456
   667                     64146488235179761664  3  24.585
   669                     63981209592874231808  4  24.437
   670                     64110858355829846016  5  25.693
   671                     64289785141719368704  2  25.946
   672                     63655618738218794496  0  26.102
   674                     64031407812168482816  1  24.804
   673                     63605784668979023872  6  25.802
   676                     63603766100346756096  3  24.645
   675                     63392135843985463296  7  24.869
   677                     63700020209337424896  4  24.617
   678                     63275783528448818176  5  25.602
   679                     63697497315776850944  2  25.090
   680                     63777914180572347392  0  25.608
   681                     63390273024485028352  1  25.631
   682                     63273951021736571392  6  25.437
   683                     63541580083666413568  3  24.701
   684                     63331228690430140416  7  24.673
   685                     63710612469430607872  4  24.681
   686                     63222680859135685120  5  25.244
   687                     63478783485148438528  2  25.363
   688                     63816842079573868544  0  25.328
   689                     63262534198297104384  1  25.638
   690                     63482792330783718400  6  25.497
   691                     63354485761117792256  3  25.171
   692                     63388017417915100672  7  25.321
   693                     63470869043492295680  4  25.379
   694                     63353522758351222272  5  26.028
   695                     63154953083771304960  2  25.433
   696                     63345328757650697216  0  25.837
   697                     63413506691791381504  1  25.072
   698                     63153564446271791616  6  26.125
   699                     63663002098773792768  3  24.638
   700                     63330350459106032640  7  24.743
   701                     63108600934919294464  4  24.739
   702                     63015337164473256960  5  25.535
   703                     63025855653566590464  2  25.733
   704                     63014362821522882560  0  25.627
   705                     62991994770218900992  1  25.893
   706                     64597144992023437312  6  25.339
   707                     63865694543625207808  3  24.656
   708                     63647123890884321280  7  24.664
   709                     63885943362340945920  4  24.793
   710                     63645308139622072320  5  25.919
   711                     63849748443996305408  2  25.783
   712                     63501475398643302400  0  25.886
   713                     63270132588383451136  1  25.235
   714                     63165830396634753024  6  25.499
   715                     63285322477059119104  3  24.682
   716                     63170123736010062336  7  24.652
   717                     63244270496370950144  4  24.499
   718                     62792561076280152064  5  25.384
   719                     62802762085521726464  2  25.655
   720                     63591848348750327808  0  25.235
   721                     63135352493696150528  1  25.240
   722                     63149463727834537984  6  25.123
   723                     63149586487408728064  3  25.284
   724                     62920325715752631808  7  25.337
   725                     63247814319615845376  4  25.170
   726                     62794338832135015424  5  25.011
   727                     62805520659150389248  2  25.167
   728                     63093240915766643712  0  25.159
   729                     62867975273943021568  1  25.106
   730                     62763058071682565888  6  25.371
   731                     63033124292377374720  3  25.169
   732                     62810661602598148096  7  25.314
   733                     63254834313934038016  4  25.328
   734                     63436334459461328896  5  25.358
   735                     63576409294712633344  2  25.514
   736                     62996065939466789888  0  25.488
   737                     63111248133669943296  1  25.402
   738                     63003752595321078784  6  25.696
   739                     62899711502298195968  3  24.957
   740                     63210777401811128320  7  24.917
   741                     62870534963876386816  4  24.958
   742                     63148248437665795584  5  25.371
   743                     63109722344725724160  2  25.548
   744                     63012193370435452928  0  25.562
   745                     62898547462750381568  1  25.942
   746                     63220363476787552256  6  25.501
   747                     62891732647460886016  3  25.190
   748                     63240836687470776320  7  25.100
   749                     62875924859946715136  4  25.076
   750                     62987356636434279424  5  25.964
   751                     63355054510169690112  2  25.698
   752                     62879004977621624832  0  25.980
   753                     62899938934498463232  1  25.863
   754                     62901537308580444672  6  25.380
   755                     62661480374247597568  3  24.858
   756                     62891403776458340352  7  24.848
   757                     62872490235517034496  4  24.846
   758                     63157262568869487104  5  25.909
   759                     62891963418032068608  2  25.924
   760                     62911070105250224128  0  25.476
   763                     62911312534336318464  3  24.871
   761                     62667240435888200192  1  25.792
   764                     62890013460390767616  7  24.866
   762                     63121162932424102400  6  25.316
   765                     62671780209019176448  4  24.911
   766                     62871703861390750720  5  25.584
   767                     62997278223797965824  2  25.627
   768                     62781195649234077184  0  25.333
   769                     62686193615493543936  3  25.178
   771                     62553963613336356864  7  25.273
   770                     62550026063437806080  1  25.500
   773                     62929437592689799168  4  25.381
   772                     62867721021736673280  6  25.665
   774                     62786386155409517312  5  25.341
   775                     62685469385725048320  2  25.548
   776                     62555482282148046080  0  25.371
   777                     62548775184279595776  3  25.682
   781                     62659084508701537280  6  25.144
   779                     62649173781428113920  1  25.406
   778                     62560263636380879872  7  25.740
   780                     62782502542352916480  4  25.520
   782                     62550306949539851776  5  25.713
   783                     63346252517468131328  2  25.505
   784                     62882490966224314368  0  25.335
   785                     62886971058482042880  3  24.905
   788                     62896570256869527552  7  24.825
   787                     63089368424634939392  1  25.022
   789                     62656997599045959168  4  24.827
   786                     62658187439317767168  6  25.583
   790                     62903512528857723904  5  26.009
   793                     62984841269755990016  3  24.645
   791                     62885527527869528064  2  25.161
   794                     62665973663593172992  7  24.645
   796                     63077442714564747264  4  24.596
   792                     63090167031541831680  0  25.930
   795                     62532622659004826624  1  25.807
   797                     62664428653670859776  6  25.927
   798                     62544548086814776832  5  25.525
   799                     62545203429441626112  3  25.054
   801                     62871451785811918848  7  24.901
   802                     63206734790698957824  4  24.997
   800                     62862304247376976896  2  25.703
   803                     62986669641645166080  0  25.415
   804                     62650104864327413760  1  25.374
   805                     62762725123651849216  6  25.735
   806                     62535091023504504064  5  25.496
   807                     62636589990218836992  3  24.857
   808                     62749990695039014912  7  25.031
   809                     62540767327213101568  4  25.060
   810                     64068797064245153792  2  25.733
   811                     63324406932093790208  0  25.762
   812                     63349348282633445376  1  25.641
   813                     63107937800398731264  6  25.568
   815                     63340816636191575040  3  25.058
   816                     62993590016272687104  7  24.994
   817                     62777492559079350272  4  24.999
   814                     63112479792652432384  5  26.165
   818                     62662459363438100480  2  25.950
   819                     62779072623959361536  0  26.012
   820                     62663880180066606080  1  26.034
   821                     62773613121419913216  6  25.957
   822                     62775341837198468096  3  25.071
   823                     62329135798535185408  7  25.046
   824                     62327663848764737536  4  25.234
   825                     62755238376972678144  5  26.034
   826                     62652078702562533376  2  25.844
   827                     62641482742461243392  0  25.605
   828                     62656729386040017408  1  26.080
   829                     62655036308034458112  6  26.087
   830                     62989793645605156864  3  25.187
   831                     62652414489078642688  7  25.129
   832                     62758876135740969984  4  25.112
   833                     62430445116790982144  5  25.691
   834                     62659966164807888896  2  25.441
   835                     62436466506094772736  0  25.707
   836                     62658624234640493056  1  25.651
   837                     62652937971800937984  6  25.677
   838                     62429509231092779520  3  25.150
   839                     62656289881262306304  7  25.144
   840                     62310261053509360128  4  25.073
   841                     62329022517472881152  5  25.546
   842                     62320197316656653568  2  25.548
   843                     62316125936552725248  0  25.945
   844                     62313454732398099456  1  25.746
   845                     62425692350642003968  6  25.736
   846                     62317429165778632448  3  25.163
   847                     62646609879002396672  7  25.102
   848                     62648285283531558912  4  25.061
   849                     62994270164837473792  5  25.819
   850                     62761039973218690048  2  25.543
   851                     62425942873195165184  0  25.675
   852                     62638879137613642752  1  25.533
   853                     62409276170756179968  6  25.650
   854                     62305198646571229696  3  25.124
   855                     62313298677859209216  7  25.211
   856                     62651082360047498240  4  25.202
   857                     62735339310352310272  5  25.430
   858                     62275991917285705728  2  25.299
   859                     62310550627398243328  0  25.503
   860                     62316125874716511744  1  25.323
   861                     62754320078885459968  6  24.884
   862                     62646225668280998400  3  15.382
   863                     62427763578680977408  7  15.300
   864                     62647871466323553792  4  15.184
