143007                     61147555336179030528  0  17.466
143011                     60995081039993619968  5  17.482
143006                     61258952216178381568  1  17.595
143008                     61085651978989056512  2  17.601
143010                     61172492467160385536  4  17.680
143009                     60998858573783313664  3  17.706
143012                     61126094922958808064  6  17.962
143013                     61123555287869187456  7  17.988
143014                     61272129792578374656  0  17.953
143015                     61015073227596148096  5  18.031
143016                     61025926880509158144  1  17.976
143017                     61012506259303010944  2  17.968
143019                     61179146581548499968  3  17.871
143018                     61095793005910736640  4  18.072
143020                     60983609607914532864  6  17.969
143021                     60976888799681350656  7  18.041
143024                     61097335006184178944  1  17.261
143022                     61009436622080663296  0  17.413
143025                     60977191419124842496  2  17.715
143023                     60896350594088675840  5  17.820
143026                     61003042248621076608  3  18.127
143028                     61125340633861289728  6  17.915
143027                     60896336475558047232  4  18.127
143029                     61205414702708180480  7  17.980
143030                     61121780258211634688  1  17.772
143031                     60990378398414577664  0  17.772
143033                     61268910772409589120  5  17.926
143032                     61105231191084283904  2  17.988
143034                     61282055099654481536  3  17.971
143035                     61149312946789508992  6  17.884
143036                     61159768423553303552  4  17.943
143037                     61172967159641822464  7  17.963
143039                     61106332696061198464  0  17.539
143038                     61103419605351732224  1  17.585
143041                     61098868118056797312  2  17.520
143040                     61015070792248481536  5  17.543
143042                     61013470178902277632  3  17.797
143043                     61265904131120620544  6  17.785
143044                     61139908546633931776  4  17.770
143045                     61130472405576627584  7  17.842
143047                     61146898604150491776  1  17.570
143046                     61161395844353067392  0  17.677
143048                     61027903454613872768  2  17.336
143049                     61044866013102284544  5  17.345
143051                     61023610565500559232  6  17.656
143050                     61024588339444559488  3  17.740
143052                     61029012999616618752  4  17.782
143053                     61054965342352425728  7  17.776
143054                     61047476583898674432  1  17.697
143055                     61298080567601942016  0  17.707
143056                     61083812564082719488  2  17.629
143057                     60896840551815802368  5  17.719
143058                     61106577070772175872  6  17.721
143059                     61004458179428046592  3  17.819
143060                     60974931227338106880  4  17.768
143061                     61010056942474972928  7  17.761
143062                     61238927695893975936  1  17.680
143063                     61113701928893832704  0  17.754
143064                     61124912535761198848  2  17.716
143065                     61235751288596726784  5  17.679
143066                     60999864370568816896  6  17.643
143067                     61011028492521651200  3  17.724
143068                     61011235216689064064  4  17.715
143069                     61183878722502225408  7  17.705
143070                     61138829829580078720  1  17.684
143071                     61094145900716647168  0  17.639
143072                     61015981766841091328  2  17.729
143073                     60918456797662400384  5  17.723
143074                     60996264835736474624  6  17.671
143075                     61026968495036043520  3  17.764
143076                     61099462566345037824  4  17.721
143077                     61010340040247559808  7  17.769
143078                     61238355515339370240  1  17.748
143079                     61014012428577411200  0  17.775
143080                     60918574610668941440  2  17.756
143081                     60918459670096945024  5  17.736
143082                     60996798226908136960  6  17.708
143083                     61145937858483135488  3  17.780
143084                     61027178868006601600  4  17.772
143085                     60925718799245520640  7  17.798
143086                     61010670727538927616  1  17.760
143087                     61156454781824043648  0  17.721
143089                     61028441378744185856  5  17.577
143088                     60908189584989006080  2  17.648
143090                     61038159542936339200  6  17.804
143091                     61021860760422316416  3  17.897
143092                     61010990294447847680  4  17.915
143093                     61224696454603105920  7  17.875
143094                     61041995556288409856  1  17.775
143095                     61046539986020042752  0  17.800
143096                     61137283787799043840  5  17.808
143097                     60913491698391150208  2  17.827
143098                     61029171161614105600  6  17.749
143099                     61150473752023381760  3  17.963
143100                     61111814926333276032  4  17.968
143101                     61141477698441537920  7  17.897
143102                     61136001193872179072  1  17.865
143103                     61042511827878267392  0  17.804
143104                     61137875136540503296  5  17.802
143105                     61012077029093242240  2  17.811
143106                     61136324284516270208  6  17.858
143107                     61143758155709784576  3  17.959
143108                     61272354693821845504  4  17.931
143109                     61029256899719421952  7  17.931
143110                     61037545216933738112  1  17.913
143111                     61031842564531148416  0  17.889
143112                     61118754627345663744  5  17.890
143113                     61002458523851727360  2  17.862
143114                     61033149002494015872  6  17.896
143116                     60992203926926681088  4  17.880
143115                     60921111084750362240  3  17.925
143117                     61022233719507202816  7  17.955
143119                     61152584549356856704  0  17.766
143118                     60915629168883738496  1  17.806
143120                     61140261553029972352  5  17.856
143121                     61128699100878658304  2  17.868
143122                     61389845342790788608  6  17.799
143124                     61131337768847217024  4  17.801
143123                     61397734106212575232  3  17.848
143125                     61248512236242423424  7  17.958
143127                     61250634204037582464  1  16.557
143126                     61349908100123102848  0  16.577
143129                     61161989209871103744  2  17.599
143128                     61148610547439001216  5  17.666
143130                     61260993928189119232  6  17.704
143131                     61242742768334532608  4  17.651
143132                     61268487359428199168  3  17.606
143133                     61353116818587307008  7  17.814
143135                     61233737864668588032  0  17.520
143134                     61266244893420726656  1  17.626
143140                     61148325154658317056  3  15.282
143139                     61253751809469294080  4  15.282
143136                     61314143804023671040  2  17.421
143137                     61125463455937729664  5  17.635
143138                     61146137708841788928  6  17.344
143141                     61353924955504688128  7  17.314
143142                     61213598924041031808  0  17.674
143143                     61223577610540933120  1  17.775
143145                     61124905348369991424  4  17.738
143144                     61214008939824793472  3  17.782
143146                     61135135078245164288  2  17.727
143147                     61132439261339526784  5  17.747
143148                     61124657830244492160  6  17.746
143149                     61197528034830670080  7  17.838
143150                     61218151108716763136  0  17.724
143151                     61213088679869015552  1  17.751
143152                     61272629198340914176  4  17.773
143153                     61172115394189819648  3  17.817
143154                     61137085740752886400  2  17.746
143155                     61249366140965235712  5  17.820
143156                     61139775419748230400  6  17.809
143157                     61136077060453361920  7  17.842
143158                     61377356260510042368  0  17.750
143159                     61023604579035251456  1  17.776
143160                     61149529533989190528  4  17.817
143161                     61131023212179933312  3  17.866
143162                     61139363853079741056  2  17.806
143163                     61031928100386703360  5  17.807
143164                     61121579513633184256  6  17.808
143165                     61225465601478560384  7  17.852
143166                     61142234724417269760  0  17.672
143170                     61267735465888946688  2  16.492
143167                     61029349910647381888  1  17.618
143168                     61240545228140014592  4  16.718
143169                     61042206441463155968  3  17.454
143171                     61356326859678836992  5  17.663
143172                     61142064443516826368  6  17.722
143173                     61259326547486611968  7  17.656
143174                     61163109392191166720  0  17.855
143175                     61260274376460229888  2  17.834
143177                     61235012963557050624  4  17.796
143176                     61261892482457067648  1  17.894
143178                     61130214109162727296  3  17.856
143179                     61137263801620093696  5  17.910
143180                     61235115470187795456  6  17.858
143181                     61139589245815250944  7  17.841
143183                     61372056813604664192  2  17.499
143182                     61254345955193253248  0  17.657
143184                     61147150020431016576  4  17.655
143185                     61143943661223431424  1  17.742
143186                     61131668269381049088  3  17.879
143187                     61268335272101427712  5  17.713
143188                     61245117253486368000  6  17.738
143189                     61254096598835613952  7  17.935
143191                     61265247143297344640  0  17.446
143190                     61135329959636386688  2  17.481
143192                     61333542386399555072  4  17.700
143193                     61110401216773849088  1  17.716
143194                     61110442730726945920  3  17.808
143195                     61124711836774226432  5  17.811
143196                     61019232075866356992  6  17.825
143197                     61247051069140329728  7  17.855
143199                     61006903657538197888  2  17.216
143198                     61119989490439705728  0  17.246
143201                     61125954785082442240  1  17.640
143200                     61139911939248384768  4  17.807
143202                     61236627231025307008  3  17.817
143203                     61216910766605374336  5  17.632
143204                     61036996136655149056  6  17.700
143205                     61143887825572882176  7  17.783
143206                     61148456060043177344  2  17.526
143207                     61254231642557929472  0  17.579
143208                     61240720719225111680  1  17.734
143209                     61158606672971164672  4  17.806
143210                     61235265878883890944  3  17.874
143211                     61222390369982339584  5  17.741
143212                     61147440581111256320  6  17.755
143213                     61130145108006989184  7  17.794
143214                     61227190456413357952  2  17.732
143215                     61122709460314023808  0  17.815
143216                     61242967808959132160  1  17.756
143217                     61341322176224956416  4  17.793
143218                     61221859444622271616  3  17.832
143219                     61146035377252558976  5  17.736
143220                     61111507327305848448  6  17.690
143221                     61011882575578695680  7  17.769
143222                     61300634367319995648  2  17.770
143223                     61103881589385536000  0  17.776
143224                     61123191612798520064  1  17.778
143225                     61012248524311431680  4  17.784
143227                     61212443415542599040  5  17.666
143226                     61017552578994436352  3  17.775
143228                     61127805874092000768  6  17.664
143229                     61227107726523671296  7  17.752
143230                     61025268027152509440  2  17.801
143231                     61028850509312147200  0  17.776
143232                     61123398019808094208  1  17.711
143233                     61138188941070332672  4  17.762
143234                     61240738617915202560  5  17.780
143235                     61119068687099159296  3  17.835
143236                     61139808137497951232  6  17.800
143237                     61030253303574288000  7  17.816
143238                     61045187010858938752  2  17.816
143239                     61150462933734094336  0  17.833
143240                     61237554026231877888  1  17.778
143241                     61037774580510612096  4  17.803
143242                     61029236503283988096  5  17.828
143243                     61036979510708667520  3  17.868
143244                     61041209268783454976  6  17.825
143245                     61021959639221518080  7  17.843
143246                     61212906296598579200  2  17.859
143247                     61247742107713682944  0  17.826
143248                     61135607381317719424  1  17.752
143249                     61125090978131221248  4  17.849
143250                     61037576687923874944  5  17.788
143251                     61041022101372167936  3  17.836
143252                     61140941817517234944  6  17.774
143253                     61152938127302715648  7  17.811
143254                     61159357794696323456  2  17.765
143255                     61146706095407661568  0  17.823
143256                     61023718418193627136  1  17.858
143257                     61131942481777306240  4  17.792
143258                     61142294168896865536  5  17.796
143259                     61042210037107455872  3  17.816
143260                     61026229260807353344  6  17.747
143261                     61028701153175126144  7  17.900
143262                     61131799624969475072  2  17.820
143263                     61139729087101938304  0  17.812
143264                     61044268717223662080  1  17.785
143265                     61116754807571830784  4  17.814
143266                     61241575560784369024  5  17.811
143267                     61027268618181787392  3  17.893
143268                     61140071726671135360  6  17.795
143269                     61122365010078508288  7  17.802
143270                     61251239541204284544  2  17.890
143271                     61032799900367494784  0  17.901
143272                     61138588390288180096  1  17.933
143273                     61151376635454563072  4  17.987
143274                     61140976051925830784  5  17.935
143275                     61247498730276874368  3  17.960
143276                     61128666433223346176  6  18.001
143277                     61046059370475874304  7  18.031
143278                     60986617249318729728  2  17.952
143279                     61037426575374830080  0  18.089
143280                     61088261920561389568  1  17.948
143281                     61023104707111743488  4  18.202
143282                     61098657206938854400  5  18.034
143283                     60998968786206006016  3  18.170
143284                     61003438419601878528  6  18.097
143285                     60993275999676590080  7  18.209
143286                     61018320101128679168  2  18.103
143287                     61104908618705539584  0  17.987
143288                     61135680266187955072  1  18.084
143289                     61027889708762601344  4  18.159
143290                     61138481721860274048  5  18.054
143291                     61126087656723361664  3  18.171
143292                     60891947070723725824  6  18.032
143293                     60908333422359462016  7  18.100
143294                     61120376537470314240  2  17.911
143295                     61113066789363611264  0  17.972
143296                     61019469750657338880  1  17.988
143297                     60904307622988837376  4  18.072
143298                     61104824272008119296  5  17.844
143299                     61124251410354004480  3  18.029
143300                     61010263055027703680  6  17.915
143301                     60884032216795685888  7  17.986
143302                     61010539499621552512  2  17.861
143303                     61141094691132078592  0  17.812
143304                     61101323006509849472  1  17.888
143305                     60909829441670075392  4  17.907
143306                     60900616891464614528  5  17.815
143307                     61004427058005885568  3  17.876
143308                     61093117163071388160  6  17.712
143309                     60993732904225703424  7  17.781
143310                     61004338886945368832  2  17.719
143311                     61000725068945225728  0  17.725
143312                     60904450960913072896  1  17.771
143313                     60995106203875933056  4  17.829
143314                     61097092535367813760  5  17.696
143316                     61085281038059855360  6  17.590
143315                     60886829497474843392  3  17.747
143317                     61138773155652739840  7  17.808
143318                     61117429344989497344  2  17.747
143319                     61021096352328766720  0  17.782
143320                     61064916965378074880  1  17.704
143321                     61057279101121123584  4  17.782
143322                     61134361387858008064  5  17.785
143323                     61041895254345757184  6  17.744
143324                     61117083834737922560  3  17.788
143325                     61104393118604707072  7  17.764
143326                     61106837892364649984  2  17.724
143327                     61011142017512188160  0  17.765
143328                     61020078832961143552  1  17.741
143329                     61013700752581349376  4  17.837
143330                     61240756625537325952  5  17.752
143331                     61020340004382399616  6  17.771
143332                     61029349154093425408  3  17.926
143333                     61139287956041610112  7  17.898
143334                     61039510622027685504  2  17.755
143335                     61040937840423747584  0  17.765
143336                     61032026181596393472  1  17.795
143337                     61026959076429981952  4  17.893
143338                     61049269419428692992  5  17.788
143339                     60949382364892604928  6  17.775
143340                     61197219173860039680  3  17.852
143341                     61028208584643730304  7  17.850
143342                     61026271083088820096  2  17.828
143343                     61123851909138958464  0  17.789
143344                     61026960306282712960  1  17.798
143345                     61150337941064445440  4  17.808
143346                     61015924640659095040  5  17.741
143347                     60917067215360677504  6  17.799
143348                     61027581184858374272  3  17.825
143349                     61119421500422512128  7  17.887
143350                     61021475373946400128  2  17.817
143351                     60924060912564898048  0  17.825
143352                     61119854438548936192  1  17.856
143353                     61003581050409753216  4  17.855
143354                     60915233479602328832  5  17.775
143355                     61019872630038242944  6  17.747
143356                     60926715243728048512  3  17.811
143357                     61046840320838998400  7  17.810
143358                     61025147630066446336  2  17.743
143359                     61135553478163640704  0  17.818
143360                     61221803214575341184  1  17.787
143361                     61028812902430655488  4  17.892
143362                     61038781729610653184  5  17.791
143363                     61133274231772648320  6  17.828
143364                     61254360920339584384  3  17.852
143365                     61136084916065390464  7  18.019
143366                     61232964643568467712  2  17.944
143367                     61123347141308463616  0  17.867
143368                     61028088966556316544  1  17.930
143370                     61026059029645087616  5  17.648
143369                     61045947855648618496  4  17.820
143371                     61006800177698293888  6  17.864
143372                     60908516392640506752  3  17.949
143373                     61130107034237410176  7  17.998
143374                     61212960562352065536  2  17.927
143375                     61017785504332306304  0  17.985
143376                     61018275768645810560  1  18.003
143377                     60920097858048372864  5  17.903
143378                     60912794465697632640  4  18.051
143379                     61118107295099159552  6  17.874
143380                     61016729356415968640  3  18.022
143381                     61038686662082786432  7  18.431
143382                     61138412495043861504  2  18.310
143383                     61002651841655318016  0  18.002
143384                     60904073448797005440  1  18.433
143385                     61216651106618378752  5  18.138
143386                     61014716114310039936  4  18.707
143387                     61100947331997350784  6  18.238
143388                     61001550044226165120  3  18.587
143389                     61103877822563812736  7  18.244
143390                     61143963358198413952  2  17.901
143391                     61133140196124700160  0  17.938
143392                     61025558037052788352  1  17.929
143393                     61041299278748002688  5  17.941
143394                     60918461188904155904  4  18.092
143395                     61032520440241271040  6  17.977
143396                     61048268636180818944  3  18.082
143397                     60920375257597524480  7  18.097
143398                     61138332571135076224  2  17.701
143399                     60930351695541897600  0  17.678
143400                     60919427585228797568  1  17.847
143401                     61032865006819564416  5  17.832
143402                     61038472936797323008  4  17.974
143403                     61125426357182257152  6  17.929
143404                     61142824751965227648  3  17.916
143405                     61029557309857845632  7  17.828
143407                     60928556131573265920  0  17.678
143406                     60937489375482988928  2  17.694
143408                     61043833080549882880  1  17.763
143409                     60909029074948026240  5  17.774
143410                     60908686024535845504  4  17.863
143411                     61123443166602345216  6  17.802
143412                     61116472898956517248  3  17.789
143413                     60928133544778746368  7  17.910
143414                     61029706265568027264  0  17.391
143415                     61029564179932420992  2  17.408
143416                     60919610648753870208  1  17.765
143417                     61028575757950953984  5  17.769
143419                     60935884403261097088  6  17.335
143418                     60927855558531837184  4  17.526
143420                     61042232068638457088  3  17.868
143421                     61021033899815851392  7  17.792
143422                     61113405734461436160  0  17.806
143423                     61030744018951354112  2  17.806
143424                     61024262258237697408  1  17.789
143425                     61129648793061189504  5  17.790
143426                     61242218008034048640  6  17.762
143427                     61024933278175349888  4  17.878
143428                     60913012238793981824  3  17.900
143429                     61013356596462037120  7  17.907
143430                     61025761084295119488  0  17.452
143431                     60910987422835459840  2  17.462
143432                     61040495400510946816  1  17.845
143433                     61138726108928359168  5  17.766
143434                     61043363535815176192  6  17.798
143435                     61160574275265158656  4  17.828
143436                     61149724291861676288  3  17.835
143437                     60924600709940840192  7  17.832
143438                     61151482580637590784  0  17.761
143439                     61135857692240209280  2  17.810
143440                     60930175553381654272  1  17.808
143441                     61144124481222781696  5  17.774
143442                     61039494829001870080  6  17.847
143443                     61025478903273572992  4  17.783
143444                     61121905201907629824  3  17.877
143445                     60925371564455286400  7  17.855
143446                     60915729628280033920  0  17.887
143447                     61025225265666205952  2  17.907
143448                     61025923624536524800  1  17.882
143449                     61020556582732913920  5  17.871
143450                     60924281430717882880  6  17.879
143451                     61018362025783670528  4  17.919
143452                     61127556688019384448  3  17.837
143453                     60913925334367220224  7  17.876
143454                     61141684870993695360  0  17.797
143455                     61130340624034928768  2  17.789
143456                     61034125868645637504  1  17.839
143457                     61097080291826036480  5  17.708
143458                     61119994302714027392  6  17.792
143459                     61213505420188305920  4  17.813
143460                     61105050642264363776  3  17.823
143461                     61108030585586233216  7  17.835
143462                     60985542198115293184  0  17.736
143463                     61108177202073066112  2  17.792
143464                     61005829659127141248  1  17.807
143465                     61001130542897944320  5  17.772
143466                     61296196434502791424  6  17.645
143467                     61324875180613446400  4  17.813
143468                     61107421848326203648  3  17.898
143469                     61184740601486028032  7  17.772
143470                     61202998273165504128  0  17.737
143471                     61094721764016121088  2  17.793
143472                     61082082474116366080  1  17.845
143473                     61092000885258427008  5  17.825
143474                     60995590468394947456  6  17.888
143475                     60997916860064330368  4  18.000
143476                     61091996583275858048  3  17.990
143477                     61089785304242046464  7  18.020
143478                     61085697290520513536  0  18.232
143479                     60994925292981287808  2  18.138
143480                     60989468372996556544  1  18.154
143481                     61084877146926161408  5  18.181
143482                     60972291387475764224  6  18.015
143483                     61090762171038255872  4  18.396
143484                     61094604759041209216  3  18.429
143485                     60989933746208731136  7  18.481
143486                     60990343063086624256  0  18.381
143487                     61087371737710004480  2  18.357
143488                     61217584084407271168  1  18.660
143489                     61222153886474042240  5  18.413
143490                     60972464848144610048  6  18.559
143491                     61084041175332066048  4  18.330
143492                     60989572754233485824  3  18.504
143493                     60995539907173666944  7  18.343
143494                     61099895883665150336  0  18.718
143495                     61104551781169443840  2  18.660
143496                     61191353374821061888  1  18.757
143497                     61317615920082810880  5  18.961
143499                     61100564661213463168  4  18.163
143498                     61108673586367526784  6  18.941
143500                     61116577596742734592  3  18.074
143501                     61099239657854039552  7  18.089
143503                     61000638172232767872  2  18.596
143502                     61107715813919595776  0  18.751
143504                     61197243219145924608  1  18.438
143505                     61106792163704070912  5  18.380
143506                     61216343875812392960  4  18.080
143507                     61198391137057000448  6  18.339
143508                     61109310838325930368  3  18.165
143509                     61223223682005526272  7  18.151
143510                     61093251973721752320  2  18.757
143511                     61210771137644292608  0  18.714
143512                     61094146968050658560  1  18.572
143514                     60998049387823498240  4  18.276
143513                     60999526510916875776  5  18.962
143515                     61213992633827147648  6  19.280
143516                     61131755317940737664  3  18.258
143517                     61021045522027803776  7  18.545
143519                     61016500261385247488  0  18.284
143518                     61019843182531973760  2  19.899
143520                     61014143522771370240  1  18.567
143522                     60904012269082578048  5  18.147
143521                     60905805483281266048  4  19.217
143523                     60906822019900530176  6  18.094
143524                     61016767023921861632  3  19.217
143525                     61112569461123303040  7  18.980
143526                     61125693238111919744  0  18.642
143527                     61120042066415394432  2  19.328
143530                     60996730330250390528  4  17.926
143529                     61130157861669960704  5  19.077
143528                     61008361046164510208  1  19.947
143532                     60897543460121782656  3  17.593
143531                     61014879418292850688  6  19.542
143533                     60904641553916255232  7  17.274
143536                     60899186776219469568  4  16.907
143534                     61009045349175760768  0  20.548
143539                     61016850751290574848  3  17.275
143537                     61016806628405685120  5  19.841
143535                     60997581281759021696  2  21.071
143538                     61000121773651348992  1  20.005
143540                     61007649668349195648  6  19.513
143541                     61109237745973831424  7  18.037
143543                     61006576640759238528  0  18.198
143542                     61119665284676878976  4  18.851
143544                     61000428310680754176  3  18.870
143546                     61114851371689871872  2  18.065
143545                     61117529722075436928  5  18.724
143547                     61005077002802764160  1  18.171
143548                     61116699415693642624  6  18.594
143549                     61009964740426080768  7  18.178
143551                     61115318754578444800  4  18.954
143550                     61121612571148562816  0  20.194
143552                     61007274146420658048  3  18.580
143553                     61010899147612206848  2  19.097
143554                     61235270864855091968  5  18.890
143556                     61124272407913111168  6  18.857
143555                     61114412026079652352  1  20.062
143557                     61233023680841041536  7  18.764
143558                     61008254489690481536  4  17.853
143560                     61004503486143036672  3  17.955
143559                     60994392108872142592  0  19.007
143561                     61117575948045746688  2  18.655
143562                     60989408992490166912  5  18.736
143565                     60905053901068557696  7  17.777
143563                     60890391017809613440  6  18.474
143564                     61005038848647386112  1  18.690
143566                     61006954073200961664  4  17.839
143567                     61112105293460248960  3  17.773
143568                     61230737810614296576  0  17.723
143569                     61013074963881583872  2  17.702
143570                     60984928565167377920  5  17.704
143571                     60890506037608405632  7  17.774
143572                     61006975395439145984  6  17.729
143573                     61226210374650708096  1  17.734
143574                     61108397396181845120  4  17.840
143575                     61099830137765504000  3  17.862
143576                     61007970814694935040  0  17.847
143577                     61002617259398757120  2  17.849
143578                     60908691120284259584  5  17.786
143579                     60901068153428996992  7  17.839
143580                     60902983260527295872  6  17.789
143581                     61003139096326709504  1  17.756
143582                     61011201178183048832  4  17.881
143583                     61106855892686491904  3  17.868
143584                     61126144237968240256  0  17.776
143585                     61129944779321852160  2  17.776
143586                     61102929991882632448  5  17.894
143587                     61009330491219764480  7  17.576
143588                     61010905446116361600  6  17.699
143589                     61004401544255581440  1  17.890
143590                     60905771277824503296  4  17.823
143591                     60908810947542942848  3  17.908
143592                     61003357031522319872  0  18.041
143594                     60901498549080436096  5  18.008
143593                     61026844738361156352  2  18.479
143595                     61019704061321953664  7  17.761
143596                     61022366905276423936  6  18.411
143597                     60897977432884096128  1  18.723
143598                     60902775236292217600  4  17.746
143599                     61029342261711724544  3  17.655
143600                     61027393826303623808  0  18.596
143603                     60907240006106718208  7  17.740
143601                     61028443068452696704  5  18.484
143602                     61018608894224513792  2  18.597
143604                     60894544065379751296  6  18.554
143605                     60907870244647706752  1  18.049
143606                     61016085992218662912  4  17.827
143607                     61002769249104798848  3  17.919
143608                     61008380053782872064  0  17.932
143609                     61006701200129500672  7  17.910
143610                     61120619904243690496  5  17.767
143611                     61120676479415071616  2  17.771
143612                     61025591886953314816  6  17.730
143613                     61018832184040770816  1  17.724
143614                     60912650998117771136  4  17.839
143615                     60907530124413716864  3  17.848
143616                     60904766799488687104  0  17.768
143617                     61009002026290730880  7  17.811
143618                     61012526045535530624  5  17.791
143619                     60907124069227971968  2  17.778
143620                     61011335142217228288  6  17.791
143621                     61012743571468789376  1  17.745
143622                     61119798835704473088  4  17.804
143623                     61012581517016774528  3  17.853
143624                     61001044292015022848  0  17.834
143626                     61007223601317333760  5  17.599
143625                     60895567866050800896  7  17.709
143627                     61122910369264808448  2  17.719
143628                     61020482996663313536  6  17.699
143629                     61018870345162528256  1  17.752
143630                     60906216650986800896  4  17.844
143631                     60898271321195470848  3  17.851
143632                     61128407862770640768  0  17.777
143633                     61019573458757728640  5  17.772
143634                     61021682934820416640  7  17.817
143635                     61118974188245261312  2  17.771
143636                     60999620934675100672  6  17.766
143637                     61124677459678724352  1  17.743
143638                     61224037270358088576  4  17.759
143639                     60907621267375206656  3  17.860
143640                     61001861609200732416  0  17.804
143641                     60890013861506720640  5  17.817
143642                     61007340651765157120  7  17.837
143643                     61125173194216427776  2  17.752
143644                     61018277876074177920  6  17.762
143645                     61012393924937051648  1  17.778
143646                     60904541664355702656  4  17.811
143647                     60900915625762826240  3  17.806
143648                     61023120249127195520  0  17.756
143649                     60918210033813769984  5  17.757
143650                     61033280373423513984  7  17.853
143651                     61129464356078086656  2  17.809
143652                     61026104582872471424  6  17.765
143653                     60913708173606598400  1  17.816
143654                     60919871298416642048  4  17.853
143655                     60894527893997488128  3  17.839
143656                     61127324803199424256  0  17.756
143657                     61019883027530415360  5  17.799
143658                     61023005067307072512  7  17.850
143659                     61110442107903323264  2  17.780
143660                     61014479316812003328  6  17.786
143661                     61225717849748317568  1  17.700
143662                     61219458039272776704  4  17.853
143663                     61012032732715687936  3  17.845
143664                     61098096246382030976  0  17.738
143665                     61114096026580661248  5  17.699
143666                     60988484134747365120  7  17.805
143667                     60999208648754220544  2  17.788
143668                     60903423629485096704  6  17.785
143669                     60903586934179368192  1  17.771
143670                     60994498477632455424  4  17.805
143671                     61103242724375367296  3  17.759
143672                     61000820643590504192  0  17.778
143673                     60909886112799578496  5  17.877
143675                     60994772932848879744  2  17.695
143674                     60907642574093604992  7  17.840
143676                     61002703643512730496  6  17.740
143677                     60994799375666665728  1  17.789
143678                     61018428367680081664  4  17.886
143679                     61018181160251595392  3  17.893
143680                     60899813906113862144  0  17.834
143681                     60907067229354320768  5  17.862
143682                     60884070118424132096  2  17.763
143683                     60997070693035970432  7  17.830
143684                     60994640096139520384  6  17.746
143685                     61131415082966702464  1  17.789
143686                     61131484107798720128  4  17.794
143687                     61109483553110428288  3  17.739
143688                     60902533314102945152  0  17.772
143689                     60907898746679586816  5  17.766
143690                     61012448960575695232  2  17.756
143691                     61017999069178853504  7  17.797
143692                     60991684390081381504  6  17.692
143693                     60885879405498384384  1  17.732
143694                     61208388316849124608  4  17.766
143695                     61012540420987922304  3  17.792
143696                     61002977208164135296  0  17.765
143697                     61092531396586022144  5  17.718
143698                     61100985228072313088  2  17.648
143699                     61018041566440628992  7  17.775
143700                     61014451561934160256  6  17.754
143701                     61030049071170064640  1  17.777
143702                     60908733080597095040  4  17.824
143703                     60895889678200380416  3  17.779
143704                     61013614939294540800  0  17.667
143705                     61116270376871709056  5  17.735
143706                     61137536884297200640  2  17.792
143707                     61019868053780897024  7  17.837
143708                     61118579137863118208  6  17.663
143709                     61023531402594950912  1  17.785
143710                     61128748978487743872  4  17.796
143711                     61110138924081369600  3  17.755
143712                     61014390652335548416  0  17.826
143713                     61129270244583360000  5  17.735
143714                     61220995391217593984  2  17.680
143715                     61010857405363629696  7  17.854
143716                     61127208658512112768  6  17.739
143717                     61102498473736116480  1  17.739
143718                     60906469219746852864  4  17.823
143719                     60916291661788640384  3  17.817
143720                     61135077441578692480  0  17.647
143721                     61137157266516307456  5  16.691
143722                     61115007495144486400  2  16.648
143723                     60896331788947749376  7  17.777
143724                     60902283692322881536  6  17.539
143725                     61003410268197816320  1  17.595
143726                     61000514046891638784  4  17.793
143727                     60901558374989534464  3  17.847
143729                     60899715040574528512  5  17.361
143730                     61013534053196369024  2  17.401
143728                     61014307860946176896  0  17.710
143731                     61009781667237098624  7  17.834
143732                     60893586952033802240  6  17.765
143733                     61122359014681129216  1  17.786
143734                     61117651661713941376  4  17.810
143735                     61120211924632126976  3  17.793
143736                     61010799173537178240  5  17.759
143737                     61007628286513849088  2  17.731
143738                     60900978036819264640  0  17.778
143739                     60994533875105387264  7  17.822
143740                     61010533544715163264  6  17.757
143741                     61009134529407885952  1  17.753
143742                     60901054984160224000  4  17.833
143745                     61108681740150464512  2  16.981
143744                     60910862135104275584  5  17.053
143743                     61003024281175788032  3  17.801
143746                     61004547586607630592  0  17.668
143747                     60890135081830377984  7  17.833
143748                     61116138924054046464  6  17.804
143749                     60999330318359648640  1  17.689
143750                     61199501814043056896  4  17.712
143752                     61214298523073810560  5  17.190
143751                     61098958577585193216  2  17.257
143753                     61099305379409867392  3  17.719
143754                     60981006661848372608  0  17.695
143756                     61108752169498575104  6  17.564
143755                     60988972387276691200  7  17.747
143757                     61192286448882872960  1  17.604
143758                     61088934604759724032  4  17.781
143760                     61206513117457820544  2  17.726
143759                     61081825286714615168  5  17.739
143761                     61309813754381085952  3  17.793
143762                     61088418739539756544  0  17.773
143764                     61323004842965100800  7  17.808
143763                     61088050681723477760  6  17.886
143765                     60978687133010845824  1  17.901
143766                     60994104899229424768  4  17.856
143768                     61104319760992321024  5  17.740
143767                     60970457630303129088  2  17.796
143769                     61133876181007242240  3  17.840
143770                     61013583289655356160  0  17.829
143772                     61109927417235933696  6  17.713
143771                     61022514604644088576  7  17.826
143773                     61146541361363596416  1  17.807
143774                     61020564198367537408  4  17.827
143775                     61102814481631623168  5  17.717
143776                     61117543044228245120  2  17.738
143777                     61116504879308813568  3  17.861
143778                     61001706786374666368  0  17.791
143779                     61129188833783312640  6  17.781
143780                     60998683856199830400  7  17.869
143781                     61110046045714906112  1  17.676
143782                     61021389123268491136  4  17.845
143783                     61131684763741378688  5  17.769
143784                     61017660133020901760  2  17.752
143785                     61248181705190388480  3  17.813
143786                     61118235312763636480  0  17.721
143787                     61015857808023302912  6  17.757
143788                     61117162104652659200  7  17.840
143789                     60989152327941919488  1  17.778
143790                     60997652058379651456  4  17.810
143791                     61221407522806191360  5  17.719
143792                     61228956025716321280  2  17.696
143793                     61101415068533650560  3  17.756
143794                     61132547308524656256  0  17.767
143795                     61023273750982813312  6  17.782
143796                     61018405181899755392  7  17.826
143797                     61247282124704210944  1  17.708
143798                     61121959044476170368  4  17.795
143799                     61011360103093858816  5  17.783
143800                     61116017735151425536  2  17.856
143801                     61130073274912493184  3  17.809
143802                     61003752893604494464  0  17.859
143803                     61234484918780687616  6  17.772
143804                     61232642926864353408  7  17.763
143805                     61034864432084776960  1  17.839
143806                     61019867186880006144  4  17.871
143807                     60903164266292919040  5  17.749
143808                     60919745217070635904  2  17.814
143809                     60912238687783821440  3  17.894
143810                     60923209298896021376  0  17.839
143811                     61143095101736731392  6  17.803
143812                     61001752909898548480  7  17.804
143813                     61131216608538788608  1  17.786
143814                     61022950835488611840  4  17.839
143815                     61012258532817012224  5  17.783
143816                     60906807980643675008  2  17.811
143817                     60918172643652802816  3  17.857
143818                     61012232977877547904  0  17.797
143819                     61020947090439612672  6  17.789
143820                     61134344593734473600  7  17.804
143821                     60898077270439938304  1  17.725
143822                     61028053464670564480  4  17.799
143823                     61009687162929126656  5  17.738
143824                     61026957856000935296  2  17.771
143825                     60896731300982534784  3  17.816
143826                     60997762259310174720  0  17.693
143827                     61017455141973914752  6  17.735
143828                     60902143964938593536  7  17.797
143829                     60991993312621617792  1  17.743
143830                     61005335669255798400  4  17.846
143831                     60896374451901553408  5  17.791
143832                     61016353610085258240  2  17.838
143834                     60884395475521606656  0  17.605
143833                     60885387054177159680  3  17.755
143835                     60993785954031541760  6  17.720
143836                     60913875952284739840  7  17.834
143837                     61014815314803468416  1  17.795
143839                     61129623829537454720  5  17.471
143838                     60907516639772257024  4  17.550
143840                     60993180828541554944  2  17.717
143841                     60986631143182239232  0  17.674
143842                     61021709915632661504  3  17.795
143843                     61013635364151663360  6  17.738
143844                     60888680074023803520  7  17.803
143845                     60895097641408696448  1  17.756
143846                     61117179477013076096  5  17.782
143847                     61121784243624938752  4  17.797
143848                     60991748734030640256  2  17.779
143849                     60887664773090819072  0  17.714
143850                     61017014001792240000  3  17.775
143851                     60904767392675560448  6  17.797
143853                     60989905635223857152  1  17.662
143852                     60902046945766685824  7  17.773
143854                     61124820127924000640  5  17.769
143855                     61008185074017919616  4  17.811
143856                     60994331123948583040  2  17.737
143857                     60894434663474404864  0  17.787
143858                     60901139166167537408  3  17.890
143859                     61120252170501231616  6  17.744
143860                     60998179496029368960  1  17.778
143861                     61004332665169192320  7  17.802
143862                     60890887056890844160  5  17.793
143863                     61098284200595901824  4  17.831
143864                     60998858369776688256  2  17.882
143865                     61001356058876692480  0  17.818
143866                     60902521011145820928  3  17.856
143867                     60881776812932905728  6  17.826
143868                     60892895604765543424  1  17.778
143869                     60915636368105557504  7  17.858
143870                     60913229010468349440  5  17.809
143871                     61017356241328977920  4  17.813
143872                     61009882714034084224  2  17.802
143873                     61122493176583461120  0  17.762
143874                     61096753405560264832  3  17.794
143875                     60987093602375265024  6  17.768
143876                     60899110817349536640  1  17.784
143877                     61005508209018702080  7  17.858
143878                     60903383317011819136  5  17.792
143879                     61116242412734243712  4  17.891
143880                     61002133997533124480  2  17.754
143881                     60999582845961655808  0  17.859
143882                     60897692601788709120  3  17.821
143883                     61022514139862534400  6  17.793
143884                     60914592769464842880  1  17.807
143885                     60907170913296280832  7  17.904
143886                     60999733378761683968  5  17.731
143887                     61008289527406852480  4  17.838
143888                     60900678047028343040  2  17.786
143889                     60903854281816745472  0  17.813
143890                     61025147990760381056  3  17.845
143891                     60895607679186709632  6  17.803
143892                     61007288504285267968  1  17.736
143893                     61024320074878693760  7  17.813
143894                     61128776655011793152  5  17.762
143895                     61126095273821667584  4  17.806
143896                     60909514010245073920  2  17.771
143897                     61009523390413763328  0  17.749
143898                     61016482849428891136  3  17.852
143899                     60908743875820225408  6  17.765
143900                     61031527874757168512  1  17.775
143901                     61024725945982972160  7  17.852
143902                     61129621818331141504  5  17.721
143903                     61012689072967595136  4  17.789
143904                     60907373013322049536  2  17.726
143905                     61002997248890655104  0  17.748
143906                     60900810355286497152  3  17.828
143907                     61007968920218452224  6  17.757
143908                     60913954552086721920  1  17.748
143909                     60911218347437318912  7  17.810
143910                     61008633618299999360  5  17.751
143911                     60899497639276950016  4  17.833
143912                     60913201642802652800  2  17.770
143913                     61017468025058907264  0  17.775
143914                     60894939268541107712  3  17.805
143915                     60896557195737009920  6  17.730
143916                     61226157124337563008  1  17.725
143917                     61008260676584275072  7  17.820
143918                     61112141886813501696  5  17.724
143919                     60997345158006804608  4  17.787
143920                     60904571259054272256  2  17.764
143921                     60903229979681620096  0  17.748
143922                     61027437173573500288  3  17.817
143923                     61025663157710705920  6  17.791
143924                     60906330327142119296  1  17.784
143925                     61021177383825700992  7  17.786
143926                     61022362128996206848  5  17.793
143927                     61138144707413472896  4  17.809
143928                     61032072885399347328  2  17.781
143929                     60908415399339181056  0  17.787
143930                     60909509464208795520  3  17.861
143931                     61021085185401764096  6  17.830
143932                     61001161753604863360  1  17.710
143933                     61011102301463235456  7  17.817
143934                     61010548219659207296  5  17.750
143935                     61109225246072191872  4  17.392
143936                     61114249175316350464  2  17.378
143937                     61008221579883536256  0  17.778
143938                     60995700609830893312  3  17.765
143939                     60897460476452640768  6  17.735
143940                     60893323613220494080  1  17.801
143941                     61120748116411648000  7  17.780
143942                     60889864993189371136  5  17.771
143944                     61011028345557596416  2  17.746
143943                     61110744644549361920  4  17.807
143945                     61008077077096773248  0  17.802
143946                     61128337750866953856  3  17.862
143947                     61020089837318784384  6  17.747
143948                     61027651454643991552  1  17.740
143949                     60992761776124785664  7  17.787
143950                     61204511010088650240  5  17.756
143951                     61092360599328002048  2  17.773
143952                     61025127843661146880  4  17.837
143953                     61011100807831891072  0  17.719
143954                     61010656784079293952  3  17.867
143955                     61012515235021139584  6  17.750
143956                     61025928838535775232  1  17.745
143957                     61003599458433931136  7  17.784
143958                     61009731048960973696  5  17.757
143959                     61016034728389626368  2  17.750
143960                     61009255559095024896  4  17.862
143961                     61018907125305142656  0  17.762
143962                     61030075870999569664  3  17.818
143963                     61125707067363280256  6  17.816
143964                     61008496898603764096  1  17.773
143965                     61025757489391004288  7  17.827
143966                     61017690039342896896  5  17.740
143967                     61016615708419777536  2  17.769
143968                     61019966410113683072  4  17.806
143969                     61124811490941126400  0  17.786
143970                     61133002282132834688  3  17.781
143971                     61036207910586049280  6  17.778
143972                     61117943847701505920  1  17.793
143973                     61102056004804176384  7  17.827
143974                     61138593466466577664  5  17.743
143975                     61020943896659221760  2  17.810
143976                     61137970018057230592  4  17.839
143977                     61017262715537777024  0  17.775
143978                     60921715653468642560  3  17.815
143979                     60924485513355064832  6  17.754
143980                     60928014452742770816  1  17.870
143981                     60925344643963430528  7  17.903
143982                     60923135438148760320  5  17.852
143983                     60920718776508316160  2  17.840
143984                     60929335712119856384  4  17.877
143985                     61150177168471354880  0  17.765
143986                     61023367652628909184  3  17.891
143987                     60911329537437260928  6  17.853
143988                     61011807684663965056  1  17.900
143989                     60911099257133720704  7  17.957
143990                     61030204785983029248  5  17.871
143991                     60917216959559295360  2  17.809
143992                     61015431253309971456  4  17.868
143993                     60931206550048106112  0  17.788
143994                     61030572630251127680  3  17.811
143995                     61014253631147596288  6  17.792
143996                     61132058898447789696  1  17.712
143997                     61023179323227618688  7  17.878
143998                     61146464720197172864  5  17.739
143999                     60906482947698686080  2  17.750
144000                     60993737492182314240  4  17.839
144001                     60986855203592339200  0  17.790
144002                     60999748375240916224  3  17.900
144003                     60897256949427557248  6  17.840
144004                     60891031432309071744  1  17.790
144005                     60999114840275618688  7  17.853
144006                     60913517089137801600  5  17.736
144007                     61024519079375419264  2  17.733
144008                     61020664192667964288  4  17.956
144009                     61036196222675207808  0  17.799
144010                     61014901862566354944  3  17.872
144011                     61030826831930612096  6  17.854
144012                     61007735226678972288  1  17.781
144013                     61021466974336401920  7  17.935
144014                     60999930240167678592  5  17.765
144015                     60908978666001821440  2  17.824
144016                     60905351462340529792  4  17.812
144017                     60917860376520072576  0  17.742
144018                     61009392171512126464  3  17.764
144019                     61028823158075103360  6  17.713
144020                     61112777717375147008  1  17.766
144021                     61024672663861795328  7  17.885
144022                     60902281415304642048  5  17.800
144023                     60921345558267204480  2  17.809
144024                     60917599485079975808  4  17.866
144025                     60918636564186051328  0  17.805
144026                     61010776562615389312  3  17.823
144027                     60916759275672398976  6  17.766
144028                     61021520128427863680  1  17.762
144029                     61033767367932162944  7  17.854
144030                     60912975290783343616  5  17.819
144031                     60897205125450515584  2  17.875
144032                     60902002932072757888  4  17.923
144033                     61006508102711792640  0  17.720
144034                     61025342710331912064  3  17.815
144035                     60907566203155513984  6  17.764
144036                     60906521737692998016  1  17.749
144037                     60918176840285708544  7  17.834
144038                     60914956318820130304  5  17.858
144039                     61048028000378183808  2  17.778
144040                     60915013815549778304  4  17.867
144041                     60917627717915674496  0  17.763
144042                     60907842515387261312  3  17.823
144043                     61011978135585398784  6  17.830
144044                     61031987292358164608  1  17.796
144045                     60922616388384050432  7  17.864
144046                     60903507501939303168  5  17.820
144047                     60920597908548414464  2  17.814
144048                     60909230967673652352  4  17.896
144049                     61012120566298786048  0  17.819
144050                     60895543591417513344  3  17.979
144051                     61020346702735832320  6  17.819
144052                     61018473940154600576  1  17.731
144053                     61011302705762611712  7  17.824
144054                     60909523740497512064  5  17.840
144055                     60892095703525896832  2  17.793
144056                     60920632221578591360  4  17.874
144057                     61016404559194316800  0  17.907
144058                     61022826793233868160  3  17.778
144059                     61026883002487024512  6  17.780
144060                     61031172538926321920  1  17.769
144061                     60908855722094599296  7  17.845
144062                     60913323580513384448  5  17.802
144063                     60915186151320119936  2  17.822
144064                     60918775669209345664  4  17.850
144065                     61017682649728578048  0  17.791
144066                     61017839344061039104  3  17.793
144067                     60916176577105441152  6  17.933
144068                     60923472458719867392  1  17.823
144069                     60913132811555912192  7  17.886
144070                     61034327780085823104  5  17.798
144071                     60906730415859958016  2  17.788
144072                     61018022921240506240  4  17.862
144073                     60905076448373351040  0  17.802
144074                     60998716930458443392  3  17.847
144075                     60999219011177537792  6  17.723
144076                     61003503268191719296  1  17.861
144077                     61014888318920238976  7  17.995
144078                     60909153240910814720  5  17.834
144079                     60903656030257875712  2  17.820
144080                     60909997163695327872  4  17.840
144081                     60921507585830846592  0  17.861
144082                     60902392741487179648  3  17.845
144083                     60917740357695478272  6  17.770
144084                     61028831806866047104  1  17.778
144085                     60928821999363825792  7  17.940
144086                     60919117419745038848  5  17.824
144087                     61013467307937398912  2  17.766
144088                     60910891672477133056  4  17.830
144089                     61031296249762829312  0  17.759
144090                     61043320662089456896  3  17.902
144091                     60927503128316253312  6  17.837
144092                     60909579316119735296  1  17.803
144093                     60929476321108053376  7  17.817
144094                     61029028534171680256  5  17.788
144095                     60915788852242627072  2  17.794
144096                     61008130713979097728  4  17.826
144097                     60930797564672455680  0  17.717
144098                     61021203985845811328  3  17.789
144099                     61017994972508699776  6  17.788
144100                     61032237566200825088  1  17.859
144101                     60907193886563396864  7  17.846
144102                     60915466415051530496  5  17.789
144103                     60924166794076308224  2  17.751
144104                     61002731391746391424  4  17.856
144105                     60898487215207230976  0  17.825
144106                     60915572045879450624  3  17.869
144107                     60995234945527182080  6  17.760
144108                     60904204172865035776  1  17.731
144109                     60912963447179125376  7  17.785
144110                     61013937518944727040  5  17.692
144111                     60911518745996965248  2  17.725
144113                     60904937308244267520  0  16.929
144112                     61030209806845235840  4  17.006
144114                     61005376798952457216  3  17.709
144115                     60922098424251126528  6  17.636
144116                     61023690631976374144  1  17.634
144117                     61017327904771896576  7  17.758
144118                     60903147767444893056  5  17.810
144119                     60920547667161954560  2  17.829
144120                     61005085520372760704  0  17.732
144121                     61001423359759609600  4  17.842
144122                     60915759845564214912  3  17.789
144123                     60925126321331367680  6  17.732
144124                     61028072457598716288  1  17.793
144125                     61011407586246250624  7  17.836
144126                     60916865443993962368  5  17.847
144127                     60911294023353089920  2  17.813
144128                     60918826792729666688  0  17.761
144129                     60913199551143180672  4  17.772
144130                     61020968270746203648  3  17.834
144131                     60925777300421122176  6  17.832
144132                     60902660420512653440  1  17.833
144133                     60915549789984935040  7  17.886
144134                     61009529332905574016  5  17.744
144135                     60907839268949249920  2  17.770
144136                     60913895941681394944  0  17.762
144137                     61023431774070526336  4  17.880
144138                     60918692682667081856  3  17.908
144139                     61153319631950048768  6  17.761
144140                     61014862337774294784  1  17.772
144141                     60920725072595894016  7  17.826
144142                     60907007151499388288  5  17.809
144143                     61022342258266293504  2  17.680
144144                     60913541817007006720  0  17.747
144145                     60999813519379387392  4  17.799
144146                     61014505322341228032  3  17.792
144147                     60930799570597707008  6  17.796
144148                     61016102961523228928  1  17.812
144149                     61015470937093171968  7  17.860
144150                     60920419533653575168  5  17.860
144151                     60920702485877524864  2  17.776
144152                     61014058627820258432  0  17.785
144153                     60913613407000513024  4  17.828
144154                     61026189076698990208  3  17.756
144155                     60905855396801011840  6  17.799
144156                     60892544888957431040  1  17.806
144157                     61007496808642394624  7  17.808
144158                     60910305187650500480  5  17.745
144159                     60904238507200521216  2  17.734
144160                     60918054190320196608  0  17.744
144161                     60905771167204864384  4  17.835
144162                     60993589608421833856  3  17.843
144163                     61001520334414657024  6  17.776
144164                     60897280491146229248  1  17.744
144165                     60908719570129573888  7  17.797
144166                     60894462067644444672  5  17.715
144167                     61106128054151442432  2  17.744
144168                     61010236532742925440  0  17.701
144169                     60794745500294635008  4  17.791
144170                     60809995294627633536  3  17.843
144171                     60812174530265511168  6  17.810
144172                     60804946696485741184  1  17.790
144173                     60914356933936528512  7  17.870
144174                     60905597332760161536  5  17.750
144175                     60906065175276196736  2  17.793
144176                     60771129069645912320  0  17.728
144177                     60908683343370458752  4  17.846
144178                     60800891912834506624  3  17.838
144179                     60794933276254540416  6  17.801
144180                     60894288843603845120  1  17.809
144181                     60892331120226370048  7  17.803
144182                     60886029448544519936  5  17.751
144183                     60776269997040069120  2  17.759
144184                     60794897887158966656  0  17.813
144185                     60907717593497131648  4  17.867
144186                     60787208322172490752  3  17.876
144187                     60905421764239700096  6  17.863
144188                     60880699965403351808  1  17.766
144189                     60895346408529397888  7  17.889
144190                     60898692218024697728  5  17.811
144191                     60799484095684311680  2  17.801
144192                     60785492423693025792  0  17.794
144193                     60797131742626002048  4  17.825
144194                     60897138797068867968  3  17.848
144195                     60795090232844583424  6  17.816
144196                     60795508789516575104  1  17.796
144197                     60902312932423667840  7  17.877
144198                     60885493811411433984  5  17.740
144199                     60804929014357016192  2  17.817
144200                     60804428755080100224  0  17.803
144201                     60761613187274254336  4  17.792
144202                     60794574279908547072  3  17.867
144203                     60793351293012499840  6  17.830
144204                     60885466164254668928  1  17.799
144205                     60977309057963784192  7  17.787
144206                     60895333719931938816  5  17.892
144207                     60896331914259736576  2  17.828
144208                     60779451719883726592  0  17.828
144209                     60801454472952305536  4  17.868
144210                     60901910570078061056  3  17.866
144211                     60902839251478870144  6  17.889
144212                     60795041112634465664  1  17.836
144213                     60990356475619809024  7  17.799
144214                     60796679408363377152  5  17.785
144215                     60795295680541162880  2  17.761
144216                     60802081874133276672  0  17.776
144217                     60788171621104948736  4  17.869
144220                     60909887465797043072  1  17.401
144219                     60814034317955907840  6  17.473
144218                     60917804917186544128  3  17.817
144221                     60903058662447203968  7  17.853
144222                     60800345784794623616  5  17.778
144223                     60904993922103547520  2  17.792
144224                     60803732986728512768  0  17.789
144225                     60907573743064337664  4  17.811
144226                     60989144646925075456  1  17.751
144227                     60786255824338903296  6  17.774
144228                     60793474565392365440  3  17.800
144229                     60890881781386237568  7  17.804
144230                     60796346703228568832  5  17.824
144231                     60803862409822497536  2  17.850
144232                     60902324650660872576  0  17.820
144233                     60795039920554487808  4  17.874
144234                     60902965785496411264  1  17.828
144235                     60801606436145300352  6  17.801
144236                     60804203400518049664  3  17.894
144237                     60909943492490628992  7  17.933
144238                     60789378705007104256  5  17.790
144239                     60897293393520331392  2  17.762
144240                     60890999074577609472  0  17.762
144241                     60794958551485279104  4  17.942
144243                     60910176252566910208  6  17.687
144242                     60801428267827890176  1  17.737
144244                     60804042166903885184  3  17.872
144245                     60912711812364041984  7  17.859
144246                     60904952196282683008  5  17.817
144247                     60804458661829304832  2  17.802
144248                     60802430915804194688  0  17.866
144249                     60912982978237634688  4  17.888
144250                     60910030570237883520  6  17.833
144251                     60913901366089057408  1  17.897
144252                     60897188404130096128  3  17.793
144253                     60898291171323627264  7  17.850
144254                     60895844963769250304  5  17.863
144255                     60897618166096011136  2  17.813
144256                     60899796912845919488  0  17.815
144257                     60899155092075339264  4  17.816
144258                     60786936304776475392  6  17.800
144259                     60793641990610250624  1  17.795
144260                     60899382794920062464  3  17.823
144261                     60888840342042463616  7  17.822
144262                     60894323455433113472  5  17.761
144263                     60811244329545019648  2  17.767
144264                     60803404705165662080  0  17.818
144265                     60799322729431072512  4  17.829
144266                     60919418733130204288  6  17.764
144267                     60899283672857410816  1  17.789
144268                     60915287129024305664  3  17.836
144269                     60798810520495243008  7  17.841
144270                     60792434633190695424  5  17.784
144271                     60892828028684303616  2  17.777
144272                     60886435653127494144  0  17.751
144273                     60912523895394246016  4  17.816
144274                     60872267442551850240  6  17.708
144275                     60892009772723636736  1  17.754
144276                     60810171349682858368  3  17.872
144277                     60902883972623218304  7  17.818
144278                     60909252185560993920  5  17.777
144279                     60796857186500268928  2  17.765
144280                     60773728423669637888  0  17.655
144281                     60883750514100606720  4  17.797
144282                     60801152397934878080  6  17.793
144283                     60799717435635854464  1  17.796
144284                     60804940624227787136  3  17.817
144285                     60793457016481542784  7  17.825
144286                     60908864626048584448  5  17.715
144287                     60911536940255897472  2  17.762
144288                     60900734328196452096  0  17.716
144289                     60924688763030785024  4  17.846
144290                     60889392992935466880  6  17.805
144291                     60794559858678533760  1  17.809
144292                     60890157288271959296  3  17.787
144293                     60910188059665018880  7  17.852
144295                     60788452045371200512  2  17.476
144294                     60800396461142908928  5  17.565
144296                     60804762109389297920  0  17.786
144297                     60791224604254792704  4  17.829
144298                     60976582969956700416  6  17.678
144299                     60779979171902530816  1  17.774
144300                     60785125379159584384  3  17.828
144301                     60886995762780633984  7  17.780
144302                     60794418938776420096  2  17.799
144303                     60789714082909132800  5  17.771
144304                     60793141080559223424  0  17.780
144305                     60889843930430809088  4  17.790
144306                     60805423372711575552  6  17.740
144307                     60911231704501105152  1  17.752
144308                     60786944158416964864  3  17.842
144309                     60793218373098551296  7  17.795
144311                     60800809585765397120  5  17.342
144310                     60798098659811208320  2  17.374
144312                     60800020198901435008  0  17.726
144313                     60896845808668993792  4  17.826
144314                     60793425983086505344  6  17.755
144315                     60804184054341214720  1  17.786
144316                     60785774536532941056  3  17.851
144317                     60897125556545033344  7  17.819
144318                     60893475817032531712  5  17.817
144319                     60790614730604735488  2  17.821
144320                     60785885303321402624  0  17.846
144321                     60885383587248102016  4  17.789
144322                     60917771926407798656  6  17.823
144323                     60794235414437008640  1  17.798
144324                     60798961729779163648  3  17.840
144325                     60785444978405762560  7  17.830
144327                     60902618683833445760  2  17.066
144326                     60908969766992413184  5  17.103
144328                     60901369204363891584  0  17.719
144329                     60927548426742571904  4  17.760
144330                     60911497474892345984  6  17.774
144331                     60801455346695537536  1  17.697
144332                     60794954498979140608  3  17.788
144333                     60897305440168475520  7  17.755
144334                     60891582771887287680  2  17.766
144335                     60883757155328983040  5  17.806
144336                     60896541157222559360  0  17.734
144337                     60779919654063560960  4  17.824
144338                     60779349787280660608  6  17.792
144339                     60887729895288922752  1  17.746
144340                     60819912000788441728  3  17.850
144341                     60812669092562691968  7  17.881
144342                     60816813079202472704  2  17.808
144343                     60815132309274162816  5  17.814
144344                     60824483334001813504  0  17.766
144345                     60935541750429980416  4  17.820
144346                     60907195385188862336  6  17.780
144347                     60899970669547891968  1  17.785
144348                     60805493460709652480  3  17.904
144349                     60896618318688211584  7  17.863
144351                     60901127428962820352  5  17.519
144350                     60796624642322791552  2  17.582
144352                     60903333455480687744  0  17.700
144353                     60895484340640958080  4  17.800
144354                     60806524591208030720  6  17.805
144355                     60796169018298290560  1  17.808
144356                     60912791255848104320  3  17.823
144357                     60812654283438849280  7  17.839
144358                     60904125530177358720  5  17.686
144359                     60786773979317298944  2  17.683
144360                     60894460363313746304  0  17.762
144361                     60990442956991803264  4  17.855
144362                     60785569911979326592  6  17.742
144363                     60803461008430915840  1  17.736
144364                     60802395557980416896  3  17.799
144365                     60802856032363088896  7  17.784
144367                     60897998705573608704  2  16.615
144366                     60926643055330583680  5  16.625
144368                     60796200775465496704  0  17.777
144369                     60803487800164318592  4  17.775
144370                     60801229186843403648  6  17.754
144371                     60818034031210429824  1  17.671
144372                     60935567915916812800  3  17.778
144373                     60896643731797353216  7  17.883
144375                     60804597994852306688  5  17.575
144374                     60802437491040514560  2  17.602
144376                     60819072760497934848  0  17.778
144377                     60901576465700275584  4  17.811
144378                     60906886580218832128  6  17.730
144379                     60796256080796593152  1  17.795
144380                     60794917483468591872  3  17.852
144381                     60900738149322923776  7  17.823
144382                     60810455839265432576  5  17.830
144383                     60893657638728151168  2  17.812
144384                     60798094919348069120  0  17.837
144385                     60816106935610792064  4  17.938
144386                     60907496094282645888  6  17.823
144387                     60808411190003506944  1  17.870
144388                     60807008520009814400  3  17.928
144389                     60914181184374579200  7  17.958
144391                     60812000282716799744  2  17.807
144390                     60917937460072642688  5  17.879
144392                     60903113433699725312  0  17.808
144393                     60898517052389591296  4  17.796
144394                     60797278976745566720  6  17.842
144395                     60814549004473815296  1  17.812
144396                     60808721344946180864  3  17.861
144397                     60813935777144342144  7  17.933
144398                     60799999544964263040  2  17.831
144399                     60812428412592432000  5  17.847
144400                     60795428600728518656  0  17.778
144401                     60806549553587965184  4  17.834
144402                     60815428139518221184  6  17.871
144403                     60813570173910234240  1  17.832
144404                     60806601248353568256  3  17.817
144405                     60921057175424129792  7  17.905
144406                     60797170433175963904  2  17.804
144407                     61004110542597212288  5  17.791
144408                     60804009355045570816  0  17.808
144409                     60786756721232746368  4  17.809
144410                     60900357819131474560  6  17.836
144411                     60811748499621633664  1  17.845
144412                     60805717481152955648  3  17.871
144413                     60916777479777944960  7  17.880
144414                     60795166725924878080  2  17.868
144415                     60910746288349064448  5  17.808
144416                     60819043876327468544  0  17.862
144417                     60788303143542599168  4  17.842
144418                     60801208878540274944  6  17.879
144419                     60805204895421795072  1  17.828
144420                     60895973804015429632  3  17.858
144421                     60812554925399458432  7  17.901
144423                     60796704764292769920  5  17.686
144422                     60913658451258900480  2  17.816
144424                     60802759257186516992  0  17.799
144425                     60914097708721687680  4  17.843
144427                     60911560292740493312  1  17.682
144426                     60804570577596115072  6  17.756
144428                     60791289297730310784  3  17.833
144429                     60925007649223840000  7  17.855
144430                     60809287869282422016  5  17.822
144431                     60798174373398526720  2  17.740
144432                     60920631117048754688  0  17.698
144433                     60810593034079561216  4  17.857
144435                     60808337905227211136  6  17.402
144434                     60807688456465202048  1  17.452
144436                     60907984713024655616  3  17.847
144437                     61003409448361616384  7  17.888
144438                     60902727202013430528  5  17.753
144439                     60894085284000794624  2  17.786
144440                     60908922314040185856  0  17.762
144441                     60781339900797178880  4  17.871
144442                     60792985370263844480  6  17.764
144443                     60907226826798472192  1  17.780
144444                     60817828089874104064  3  17.862
144445                     61003861205957910400  7  17.826
144446                     60913521141698204672  5  17.866
144447                     60788913827008691456  2  17.798
144448                     60894977298819100800  0  17.846
144449                     60803798037949223168  4  17.923
144450                     60804174471655697408  6  17.834
144451                     60799682839811862272  1  17.817
144452                     60782400136785852544  3  17.820
144453                     60992815217881385216  7  17.843
144455                     60783721314534481280  2  17.635
144454                     60908708380579624064  5  17.668
144456                     60875883927608521344  0  17.771
144457                     60785007480587372288  4  17.908
144458                     60790147526029986816  6  17.845
144459                     60805294078471450496  1  17.802
144460                     60901486887639764480  3  17.842
144461                     60901140279302110592  7  17.762
144462                     60804594770197254528  2  17.278
144463                     60807578427599601408  5  17.249
144464                     60776947041843090432  0  17.789
144465                     60894119972993401344  4  17.761
144466                     60899586242022006912  6  17.694
144467                     60810068151327349888  1  17.729
144468                     60801922400110954880  3  17.894
144469                     60802949935610068224  7  17.818
144471                     60803124910896980352  5  17.103
144470                     60809630381554649088  2  17.119
144472                     60794097524240652544  0  17.724
144473                     60895259509203408384  4  17.832
144474                     60801344323005994624  6  17.784
144475                     60901866945211655680  1  17.800
144476                     60803207248368482944  3  17.881
144477                     60795382922607870080  7  17.783
144479                     60901100054402460928  2  17.608
144478                     60788911393835836288  5  17.640
144480                     61093981396305805312  0  17.632
144481                     60880175138473940992  4  17.788
144483                     60979142342818356736  1  17.584
144482                     60890696275409349760  6  17.715
144484                     60893463759223246592  3  17.796
144485                     60896400985187680640  7  17.804
144487                     60982634481739557376  5  17.516
144486                     60894365966035392768  2  17.533
144488                     60986260068628373760  0  17.669
144489                     60786996249161133056  4  17.846
144490                     60797007005975904256  1  17.728
144491                     60785420325952187008  6  17.770
144492                     60797077833540150912  3  17.812
144493                     60806378596587299840  7  17.823
144495                     60780509073654141568  2  17.131
144494                     60785981769750777216  5  17.139
144496                     60785706320642929792  0  17.758
144497                     60797102634704517632  4  17.832
144498                     60799776656196784384  1  17.703
144499                     60786961952329789056  6  17.710
144500                     60798068633740190208  3  17.787
144501                     60796854683957347072  7  17.846
144503                     60803855793881378304  5  17.544
144502                     60801279895702905088  2  17.561
144504                     60768650927645862912  0  17.831
144505                     60885312910923902208  4  17.837
144506                     60795373492246888576  1  17.807
144507                     60795614007690904576  6  17.769
144508                     60897008470094567680  3  17.835
144509                     60795709480068245632  7  17.839
144510                     60893033200145674752  5  17.734
144511                     60802689465240393472  2  17.779
144512                     60804734883285827072  0  17.771
144513                     60889254886823481600  4  17.777
144514                     60900368126440601472  1  17.794
144515                     60800761099943836160  6  17.785
144516                     60903485219082546688  3  17.823
144517                     60907131886239338496  7  17.839
144518                     60780818227028982272  5  17.609
144519                     60762083287339149312  2  17.574
144520                     60791062978929509888  0  16.298
144521                     60897501904980278656  4  15.133
144522                     60798254365530297728  1  15.184
144523                     60793832671434697728  6  15.165
144524                     60975320709467739136  3  13.427
